1.710000000000000000e+02 1.618582553935319579e+00 6.947480346777111515e-02 8.378583673948953869e-01 1.374328145678069268e-02
1.720000000000000000e+02 1.409366734190814707e+00 5.384998724007045851e-02 8.389050998822404903e-01 1.676662588070592860e-02
1.730000000000000000e+02 1.349888930177513213e+00 5.866768215732424963e-02 8.206327719152424205e-01 2.771530810724640373e-02
1.740000000000000000e+02 1.412590976973820744e+00 1.014215194160703742e-01 8.499641222506388871e-01 2.016047983591227541e-02
1.750000000000000000e+02 1.367765360021387266e+00 4.504873477908494933e-02 8.300741723004358974e-01 1.377289414249159918e-02
1.760000000000000000e+02 1.359226938435233345e+00 4.512753128943701453e-02 8.370616960794068362e-01 1.875933781116556273e-02
1.770000000000000000e+02 1.343612000814687901e+00 6.184972395338594886e-02 8.333078803422797609e-01 2.219295084633614995e-02
1.780000000000000000e+02 1.354784314870808970e+00 8.047905213397579804e-02 8.180633406019243159e-01 1.882290733778377995e-02
1.790000000000000000e+02 1.330182476311336348e+00 4.103592726974154142e-02 8.071870761897844693e-01 2.090011386348309894e-02
1.800000000000000000e+02 1.323006282090906982e+00 5.375577811490195312e-02 8.179289671429623709e-01 1.157604680680871835e-02
1.810000000000000000e+02 1.380948042448276514e+00 9.124434815357436446e-02 8.179995946598401790e-01 9.053312415400409374e-03
1.820000000000000000e+02 1.364352654392098518e+00 6.099260969098140028e-02 8.247795686211698563e-01 2.334961168187282138e-02
1.830000000000000000e+02 1.357066077547988581e+00 5.629211141084144304e-02 8.237799796987484990e-01 1.688800426014857789e-02
1.840000000000000000e+02 1.397281589038983807e+00 4.735300821280458150e-02 8.241142236380193387e-01 1.641837831289215052e-02
1.850000000000000000e+02 1.317535981307806692e+00 6.325730608187647708e-02 8.355736385008005751e-01 1.818541176017603872e-02
1.860000000000000000e+02 1.347758454833341890e+00 6.240862095313486069e-02 8.353183504017964722e-01 2.152791476846567520e-02
1.870000000000000000e+02 1.350566887270709504e+00 5.191769241264151957e-02 8.185348738352992148e-01 1.741006878616371129e-02
1.880000000000000000e+02 1.341508311682470422e+00 6.831457364024184908e-02 8.139462166287435574e-01 1.612163215828058341e-02
1.890000000000000000e+02 1.361491686045417593e+00 3.121932935881496091e-02 8.155851270913128115e-01 9.486122252409200789e-03
1.900000000000000000e+02 1.337976618742013679e+00 4.465158325034701559e-02 8.214970597142473574e-01 1.561905413424790126e-02
