1.710000000000000000e+02 2.109079868224028154e+00 6.012361386328941154e-02 8.743970181004645514e-01 8.227354812234874068e-03
1.720000000000000000e+02 1.569717030437541405e+00 6.070406912096276003e-02 8.573020129927598765e-01 1.544624194368748177e-02
1.730000000000000000e+02 1.489999354248647601e+00 6.915690950507630275e-02 8.389310485466691114e-01 2.276368294798248107e-02
1.740000000000000000e+02 1.465838645117296224e+00 3.825349144940429907e-02 8.270730135363079105e-01 8.720300666704136616e-03
1.750000000000000000e+02 1.487981689526076456e+00 6.128394810225654826e-02 8.262114101145685563e-01 9.599516735234613421e-03
1.760000000000000000e+02 1.420312561759176750e+00 4.178353117064809857e-02 8.138887558388754329e-01 1.580810010824375625e-02
1.770000000000000000e+02 1.455498259409314876e+00 8.179361834881736237e-02 8.194294515560179848e-01 1.066090739487915266e-02
1.780000000000000000e+02 1.483168691919565685e+00 7.996473453430565093e-02 8.222922543548742969e-01 1.889741397968285053e-02
1.790000000000000000e+02 1.445302822570774914e+00 6.870076135815207652e-02 8.156849591056655191e-01 1.259654603709712412e-02
1.800000000000000000e+02 1.433867775100822195e+00 5.278658684365278991e-02 8.067896280049244861e-01 1.876239999673608508e-02
1.810000000000000000e+02 1.450971465925886106e+00 5.575171418653849381e-02 8.059344883972237028e-01 1.921109944668115618e-02
1.820000000000000000e+02 1.424164148992013157e+00 5.000314143497690961e-02 8.210896323128276109e-01 1.727258837963020766e-02
1.830000000000000000e+02 1.469471820562296305e+00 4.665281680404499004e-02 8.230014857008658424e-01 1.632924871423228896e-02
1.840000000000000000e+02 1.429750030253040372e+00 3.379663793702772367e-02 8.093999181434299306e-01 8.194640553093809898e-03
1.850000000000000000e+02 1.470325321789791140e+00 7.589137132959909715e-02 8.146611051235451706e-01 1.240176762874754465e-02
1.860000000000000000e+02 1.431589896906179771e+00 6.670316381883685530e-02 8.125695240592115676e-01 1.104914876310436438e-02
1.870000000000000000e+02 1.466308273065228374e+00 7.837360354976238841e-02 8.140884101297309883e-01 1.097742299450244277e-02
1.880000000000000000e+02 1.395528675827711229e+00 4.468601515178167310e-02 8.066388903578067815e-01 1.142169876592855939e-02
1.890000000000000000e+02 1.463049187291811659e+00 6.765599857599310929e-02 8.123447489735738936e-01 1.268750906938486550e-02
1.900000000000000000e+02 1.406564261790292703e+00 4.759556067928596979e-02 8.123921403460171442e-01 1.571660909158159591e-02
