1.710000000000000000e+02 2.168204069904988707e+00 1.133754286804360967e-01 1.182851347103039075e+00 2.332356095584155881e-02
1.720000000000000000e+02 1.612686413958626996e+00 8.324878942184531228e-02 9.773728929075982119e-01 2.284708604604411900e-02
1.730000000000000000e+02 1.592521321292763803e+00 9.540574255593009534e-02 1.010990612871982774e+00 3.871234058775654963e-02
1.740000000000000000e+02 1.475952898008207281e+00 4.378585654886886502e-02 1.009692487401208094e+00 2.628127890745380127e-02
1.750000000000000000e+02 1.485726333164144375e+00 4.125450663559470516e-02 9.457563393401061669e-01 1.904934211453641196e-02
1.760000000000000000e+02 1.476650113773453121e+00 4.825950431277449548e-02 8.870084838003784444e-01 1.283069002513684449e-02
1.770000000000000000e+02 1.522300840261549881e+00 4.320867629026265561e-02 8.986351160597785270e-01 2.120270896483090334e-02
1.780000000000000000e+02 1.451007892716660752e+00 5.613892361472630488e-02 8.815297878613554960e-01 2.433245536301764309e-02
1.790000000000000000e+02 1.458972306572633659e+00 6.010391873829876164e-02 8.839761166287563032e-01 1.955648720029428203e-02
1.800000000000000000e+02 1.493740914044555446e+00 5.926333297000620226e-02 8.697525706864690509e-01 1.554298801961317630e-02
1.810000000000000000e+02 1.455468358423006148e+00 5.425779515700608624e-02 8.776306138937786105e-01 1.254495775744889248e-02
1.820000000000000000e+02 1.495410233962643387e+00 4.945490334023697893e-02 8.655756600109907328e-01 2.074166700024861199e-02
1.830000000000000000e+02 1.510938638263718214e+00 6.750258908852725670e-02 8.458099803334716560e-01 1.682784476492906606e-02
1.840000000000000000e+02 1.440693974551847889e+00 5.846004771531945060e-02 8.398790194899768968e-01 1.375471640209219998e-02
1.850000000000000000e+02 1.484151619592908311e+00 4.632927865552820962e-02 8.385509502937876780e-01 1.682846137810364850e-02
1.860000000000000000e+02 1.458716496306335930e+00 4.293183575672441382e-02 8.304351417935686985e-01 1.678832487197545395e-02
1.870000000000000000e+02 1.472001438896461734e+00 4.161491904225278482e-02 8.279814175287774081e-01 1.650554798500682846e-02
1.880000000000000000e+02 1.468704542074925401e+00 5.980169317725683720e-02 8.251499761769149899e-01 1.015598107521495895e-02
1.890000000000000000e+02 1.451354863058155198e+00 4.519417534366326761e-02 8.176629416233239800e-01 1.339891526445732492e-02
1.900000000000000000e+02 1.440702865672166322e+00 5.545062661198313370e-02 8.211710227237410953e-01 8.763480267735832344e-03
