1.710000000000000000e+02 1.683452721685298359e+00 7.651784694136128107e-02 1.200230089575121672e+00 4.576533572325854754e-02
1.720000000000000000e+02 1.384264920469696403e+00 4.007648268947582720e-02 1.105832788396592603e+00 2.812933802728536867e-02
1.730000000000000000e+02 1.417268741892921069e+00 3.929882642294288408e-02 1.121016221906073973e+00 4.981003872780464387e-02
1.740000000000000000e+02 1.364805181136596879e+00 5.793298945079206758e-02 1.104101374323255946e+00 2.815307297099671480e-02
1.750000000000000000e+02 1.354323040978359538e+00 6.479009953841390057e-02 1.070610007397114316e+00 1.530434600343510976e-02
1.760000000000000000e+02 1.372734061718136722e+00 4.052017560958674769e-02 1.070064296299160445e+00 1.613033506710152137e-02
1.770000000000000000e+02 1.340051066084815945e+00 8.536662146316405242e-02 1.014205617686518845e+00 1.908759203085216502e-02
1.780000000000000000e+02 1.357615995728193692e+00 6.658863673904236169e-02 9.714248888418278716e-01 3.028259798399191016e-02
1.790000000000000000e+02 1.353448253438512383e+00 6.799657863939108371e-02 9.758406193698782038e-01 1.962465678007402695e-02
1.800000000000000000e+02 1.376738329156843799e+00 6.962062579888349256e-02 9.660604935561941664e-01 3.190302281458434058e-02
1.810000000000000000e+02 1.364550074065576712e+00 5.176676641118774236e-02 9.831641639289981915e-01 2.374527267231668973e-02
1.820000000000000000e+02 1.364649134532523123e+00 5.609181793655339254e-02 9.683858351659114794e-01 3.723018667903390394e-02
1.830000000000000000e+02 1.378364705869978613e+00 3.999358573857843963e-02 9.546910090348136313e-01 1.802733893853970815e-02
1.840000000000000000e+02 1.373380536047966505e+00 6.867833195795590429e-02 9.563253729996132879e-01 1.858928298732152873e-02
1.850000000000000000e+02 1.333985921529692309e+00 4.103542972940054517e-02 9.376795618148415778e-01 1.633410841847213885e-02
1.860000000000000000e+02 1.374349619117520183e+00 3.829329504344999857e-02 9.491573766787709809e-01 1.196379518920879549e-02
1.870000000000000000e+02 1.410525059380903334e+00 7.729429008188727634e-02 9.422290275442867236e-01 1.621054128058409954e-02
1.880000000000000000e+02 1.370475402906707441e+00 4.079521807229024438e-02 9.258151453123828478e-01 1.646161076923035801e-02
1.890000000000000000e+02 1.331445930497034302e+00 5.082634963004538375e-02 9.480293626327969125e-01 1.775823441036732814e-02
1.900000000000000000e+02 1.328529695927515464e+00 6.830129887128806587e-02 9.387353206418381779e-01 1.327314344543120521e-02
