0.  0.  0.
0.1  0.  0.9515386354438172
0.2  0.  1.9030685881003166
0.3  0.  2.8545811752614108
0.4  0.  3.806067714377473
0.5  0.  4.757519523136564
0.6  0.  5.708927919543659
0.7  0.  6.660284221999872
0.8  0.  7.611579749381672
0.9  0.  8.5628058211201
1.  0.  9.513953757279987
1.1  0.  10.465014878639142
1.2  0.  11.415980506767559
1.3  0.  12.366841964106612
1.4  0.  13.317590574048234
1.5  0.  14.268217661014084
1.6  0.  15.218714550534727
1.7  0.  16.169072569328765
1.8  0.  17.119283045382012
1.9  0.  18.069337308026604
2.  0.  19.019226688020108
2.1  0.  19.968942517624665
2.2  0.  20.918476130686056
2.3  0.  21.86781886271278
2.4  0.  22.816962050955148
2.5  0.  23.76589703448427
2.6  0.  24.714615154271158
2.7  0.  25.663107753265688
2.8  0.  26.611366176475617
2.9  0.  27.559381771045555
3.  0.  28.50714588633592
3.1  0.  29.454649874001873
3.2  0.  30.401885088072262
3.3  0.  31.34884288502846
3.4  0.  32.29551462388331
3.5  0.  33.24189166625988
3.6  0.  34.1879653764704
3.7  0.  35.13372712159497
3.8  0.  36.079168271560384
3.9  0.  37.02428019921886
4.  0.  37.96905428042677
4.1  0.  38.913481894123315
4.2  0.  39.85755442240926
4.3  0.  40.80126325062549
4.4  0.  41.74459976743164
4.5  0.  42.6875553648847
4.6  0.  43.63012143851756
4.7  0.  44.57228938741751
4.8  0.  45.51405061430472
4.9  0.  46.45539652561067
5.  0.  47.396318531556645
5.1  0.  48.33680804623203
5.2  0.  49.276856487672724
5.3  0.  50.216455277939374
5.4  0.  51.15559584319572
5.5  0.  52.09426961378679
5.6  0.  53.03246802431714
5.7  0.  53.97018251372896
5.8  0.  54.90740452538023
5.9  0.  55.84412550712276
6.  0.  56.78033691138031
6.1  0.  57.71603019522648
6.2  0.  58.65119682046276
6.3  0.  59.58582825369636
6.4  0.  60.51991596641815
6.5  0.  61.453451435080396
6.6  0.  62.386426141174674
6.7  0.  63.318831571309445
6.8  0.  64.25065921728785
6.9  0.  65.18190057618527
7.  0.  66.11254715042698
7.1  0.  67.04259044786566
7.2  0.  67.97202198185893
7.3  0.  68.90083327134667
7.4  0.  69.82901584092853
7.5  0.  70.75656122094122
7.6  0.  71.68346094753585
7.7  0.  72.60970656275504
7.8  0.  73.53528961461019
7.9  0.  74.46020165715866
8.  0.  75.3844342505807
8.1  0.  76.30797896125651
8.2  0.  77.2308273618433
8.3  0.  78.15297103135205
8.4  0.  79.07440155522441
8.5  0.  79.99511052540952
8.6  0.  80.91508954044063
8.7  0.  81.83433020551188
8.8  0.  82.75282413255488
8.9  0.  83.67056294031514
9.  0.  84.58753825442868
9.1  0.  85.50374170749839
9.2  0.  86.41916493917039
9.3  0.  87.33379959621034
9.4  0.  88.24763733257956
9.5  0.  89.16066980951142
9.6  0.  90.07288869558712
9.7  0.  90.98428566681194
9.8  0.  91.89485240669117
9.9  0.  92.8045806063059
10.  0.  93.71346196438894
10.1  0.  94.62148818740047
10.2  0.  95.52865098960382
10.3  0.  96.43494209314106
10.4  0.  97.34035322810844
10.5  0.  98.24487613263196
10.6  0.  99.14850255294269
10.7  0.  100.05122424345215
10.8  0.  100.95303296682754
10.9  0.  101.85392049406678
11.  0.  102.75387860457383
11.1  0.  103.65289908623349
11.2  0.  104.55097373548647
11.3  0.  105.44809435740412
11.4  0.  106.34425276576336
11.5  0.  107.23944078312131
11.6  0.  108.13365024088988
11.7  0.  109.02687297941029
11.8  0.  109.91910084802765
11.9  0.  110.8103257051652
12.  0.  111.70053941839872
12.1  0.  112.58973386453059
12.2  0.  113.47790092966403
12.3  0.  114.36503250927717
12.4  0.  115.25112050829685
12.5  0.  116.13615684117264
12.6  0.  117.02013343195053
12.7  0.  117.90304221434664
12.8  0.  118.78487513182095
12.9  0.  119.66562413765052
13.  0.  120.54528119500328
13.1  0.  121.42383827701104
13.2  0.  122.301287366843
13.3  0.  123.1776204577787
13.4  0.  124.05282955328123
13.5  0.  124.92690666707009
13.6  0.  125.7998438231941
13.7  0.  126.67163305610424
13.8  0.  127.54226641072627
13.9  0.  128.41173594253328
14.  0.  129.28003371761838
14.1  0.  130.1471518127668
14.2  0.  131.01308231552838
14.3  0.  131.87781732428985
14.4  0.  132.74134894834665
14.5  0.  133.60366930797528
14.6  0.  134.46477053450485
14.7  0.  135.32464477038917
14.8  0.  136.18328416927832
14.9  0.  137.04068089609024
15.  0.  137.89682712708222
15.1  0.  138.75171504992247
15.2  0.  139.605336863761
15.3  0.  140.45768477930133
15.4  0.  141.30875101887108
15.5  0.  142.15852781649335
15.6  0.  143.00700741795723
15.7  0.  143.85418208088882
15.8  0.  144.70004407482173
15.9  0.  145.54458568126776
16.  0.  146.3877991937871
16.1  0.  147.22967691805889
16.2  0.  148.07021117195129
16.3  0.  148.9093942855917
16.4  0.  149.74721860143657
16.5  0.  150.58367647434144
16.6  0.  151.41876027163065
16.7  0.  152.25246237316694
16.8  0.  153.08477517142092
16.9  0.  153.9156910715408
17.  0.  154.74520249142137
17.1  0.  155.57330186177327
17.2  0.  156.39998162619216
17.3  0.  157.2252342412275
17.4  0.  158.04905217645162
17.5  0.  158.8714279145282
17.6  0.  159.69235395128098
17.7  0.  160.51182279576224
17.8  0.  161.32982697032108
17.9  0.  162.1463590106718
18.  0.  162.96141146596187
18.1  0.  163.77497689883998
18.2  0.  164.58704788552387
18.3  0.  165.39761701586818
18.4  0.  166.20667689343182
18.5  0.  167.01422013554577
18.6  0.  167.8202393733803
18.7  0.  168.62472725201215
18.8  0.  169.4276764304917
18.9  0.  170.22907958191007
19.  0.  171.02892939346575
19.1  0.  171.8272185665316
19.2  0.  172.62393981672105
19.3  0.  173.41908587395505
19.4  0.  174.21264948252815
19.5  0.  175.00462340117468
19.6  0.  175.7950004031349
19.7  0.  176.5837732762209
19.8  0.  177.3709348228825
19.9  0.  178.1564778602729
20.  0.  178.9403952203141
20.1  0.  179.7226797497624
20.2  0.  180.5033243102737
20.3  0.  181.28232177846868
20.4  0.  182.0596650459977
20.5  0.  182.83534701960562
20.6  0.  183.6093606211967
20.7  0.  184.381698787899
20.8  0.  185.15235447212905
20.9  0.  185.9213206416558
21.  0.  186.6885902796653
21.1  0.  187.45415638482424
21.2  0.  188.21801197134408
21.3  0.  188.9801500690448
21.4  0.  189.74056372341852
21.5  0.  190.49924599569277
21.6  0.  191.25618996289404
21.7  0.  192.0113887179107
21.8  0.  192.76483536955632
21.9  0.  193.5165230426324
22.  0.  194.26644487799106
22.1  0.  195.0145940325977
22.2  0.  195.76096367959346
22.3  0.  196.50554700835735
22.4  0.  197.24833722456881
22.5  0.  197.9893275502691
22.6  0.  198.72851122392368
22.7  0.  199.46588150048365
22.8  0.  200.20143165144734
22.9  0.  200.9351549649217
23.  0.  201.6670447456837
23.1  0.  202.39709431524113
23.2  0.  203.12529701189376
23.3  0.  203.851646190794
23.4  0.  204.57613522400786
23.5  0.  205.29875750057482
23.6  0.  206.01950642656874
23.7  0.  206.73837542515778
23.8  0.  207.4553579366643
23.9  0.  208.17044741862503
24.  0.  208.88363734585047
24.1  0.  209.59492121048459
24.2  0.  210.30429252206412
24.3  0.  211.01174480757788
24.4  0.  211.71727161152586
24.5  0.  212.42086649597798
24.6  0.  213.12252304063284
24.7  0.  213.82223484287664
24.8  0.  214.5199955178411
24.9  0.  215.21579869846207
25.  0.  215.9096380355375
25.1  0.  216.60150719778554
25.2  0.  217.29139987190194
25.3  0.  217.97930976261804
25.4  0.  218.66523059275818
25.5  0.  219.34915610329665
25.6  0.  220.03108005341514
25.7  0.  220.71099622055962
25.8  0.  221.38889840049688
25.9  0.  222.06478040737167
26.  0.  222.73863607376248
26.1  0.  223.41045925073828
26.2  0.  224.0802438079146
26.3  0.  224.74798363350916
26.4  0.  225.41367263439813
26.5  0.  226.07730473617116
26.6  0.  226.7388738831872
26.7  0.  227.3983740386298
26.8  0.  228.05579918456186
26.9  0.  228.71114332198087
27.  0.  229.36440047087336
27.1  0.  230.01556467026978
27.2  0.  230.66462997829865
27.3  0.  231.31159047224094
27.4  0.  231.956440248584
27.5  0.  232.5991734230754
27.6  0.  233.23978413077685
27.7  0.  233.87826652611741
27.8  0.  234.51461478294712
27.9  0.  235.14882309458994
28.  0.  235.78088567389685
28.1  0.  236.4107967532986
28.2  0.  237.0385505848584
28.3  0.  237.66414144032436
28.4  0.  238.28756361118172
28.5  0.  238.908811408705
28.6  0.  239.5278791640098
28.7  0.  240.14476122810453
28.8  0.  240.7594519719422
28.9  0.  241.3719457864716
29.  0.  241.98223708268839
29.1  0.  242.59032029168617
29.2  0.  243.1961898647075
29.3  0.  243.7998402731942
29.4  0.  244.4012660088381
29.5  0.  245.00046158363097
29.6  0.  245.59742152991504
29.7  0.  246.19214040043244
29.8  0.  246.78461276837518
29.9  0.  247.37483322743464
30.  0.  247.9627963918508
30.1  0.  248.5484968964615
30.2  0.  249.13192939675125
30.3  0.  249.71308856890022
30.4  0.  250.2919691098326
30.5  0.  250.86856573726513
30.6  0.  251.44287318975526
30.7  0.  252.01488622674907
30.8  0.  252.5845996286293
30.9  0.  253.1520081967628
31.  0.  253.71710675354797
31.1  0.  254.2798901424621
31.2  0.  254.84035322810846
31.3  0.  255.39849089626287
31.4  0.  255.9542980539208
31.5  0.  256.50776962934356
31.6  0.  257.0589005721045
31.7  0.  257.6076858531355
31.8  0.  258.1541204647723
31.9  0.  258.6981994208007
32.  0.  259.23991775650177
32.1  4.605733248565158  259.7792705286973
32.2  9.211435956455752  260.3162528157947
32.3  13.81707758319973  260.85085971783224
32.4  18.42262758873008  261.38308635652345
32.5  23.02805543358732  261.91292787530176
32.6  27.633330579122017  262.4403794393648
32.7  32.23842248769731  262.96543623571864
32.8  36.84330062289135  263.4880934732214
32.9  41.44793444969984  264.0083463826274
33.  46.05229343473851  264.5261902166303
33.1  50.65634704644554  265.04162024990666
33.2  55.26006475528406  265.55463177915874
33.3  59.863416033944596  266.0652201231579
33.4  64.46637035754742  266.57338062278717
33.5  69.0688972038451  267.07910864108305
33.6  73.67096605342472  267.5823995632791
33.7  78.2725463899104  268.08324879684704
33.8  82.8736077001656  268.58165177153904
33.9  87.47411947449544  269.0776039394294
34.  92.07405120684902  269.571100774956
34.1  96.67337239502169  270.06213777496157
34.2  101.27205254085732  270.550710458735
34.3  105.87006115045058  271.03681436805186
34.4  110.46736773434905  271.5204450672155
34.5  115.0639418077556  272.00159814309706
34.6  119.65975289073012  272.4802692051761
34.7  124.25477050839211  272.9564538855807
34.8  128.84896419112252  273.4301478391268
34.9  133.44230347476574  273.9013467433586
35.  138.03475790083178  274.3700462985874
35.1  142.6262970166981  274.83624222793105
35.2  147.21689037581157  275.29993027735316
35.3  151.8065075378905  275.7611062157015
35.4  156.3951180691262  276.21976583474697
35.5  160.9826915423851  276.6759049492219
35.6  165.5691975374104  277.12951939685814
35.7  170.15460564102364  277.5806050384252
35.8  174.73888544732648  278.02915775776785
35.9  179.3220065579025  278.47517346184384
36.  183.90393858201844  278.9186480807611
36.1  188.48465113682602  279.3595775678151
36.2  193.06411384756308  279.79795789952544
36.3  197.64229634775543  280.233785075673
36.4  202.21916827941783  280.6670551193358
36.5  206.7946992932555  281.09776407692624
36.6  211.36885904886523  281.52590801822606
36.7  215.94161721493666  281.9514830364232
36.8  220.51294346945338  282.3744852481467
36.9  225.08280749989424  282.79491079350265
37.  229.65117900343373  283.2127558361092
37.1  234.21802768714343  283.62801656313144
37.2  238.78332326819296  284.0406891853165
37.3  243.34703547405027  284.4507699370279
37.4  247.90913404268306  284.85825507627993
37.5  252.46958872275866  285.2631408847718
37.6  257.0283692738454  285.6654236679218
37.7  261.5854454666126  286.0650997549006
37.8  266.1407870830313  286.46216549866506
37.9  270.69436391657433  286.8566172759914
38.  275.24614577241704  287.24845148750836
38.1  279.79610246763724  287.6376645577298
38.2  284.34420383141537  288.02425293508765
38.3  288.89041970523465  288.40821309196394
38.4  293.4347199430809  288.78954152472346
38.5  297.97707441164266  289.1682347537453
38.6  302.51745299051083  289.54428932345485
38.7  307.05582557237847  289.91770180235534
38.8  311.5921620632405  290.28846878305876
38.9  316.126432382593  290.65658688231764
39.  320.6586064636331  291.02205274105535
39.1  325.18865425345786  291.3848630243969
39.2  329.71654571326405  291.7450144216996
39.3  334.24225081854695  292.10250364658293
39.4  338.7657395592997  292.45732743695874
39.5  343.2869819402119  292.8094825550609
39.6  347.805947980869  293.15896578747515
39.7  352.32260771595105  293.50577394516785
39.8  356.83693119543096  293.8499038635156
39.9  361.3488884847734  294.19135240233385
40.  365.85844966513355  294.53011644590566
40.1  370.3655848335549  294.8661929030102
40.2  374.870264103168  295.1995787069506
40.3  379.3724576033885  295.5302708155825
40.4  383.87213548011505  295.85826621134134
40.5  388.36926789592786  296.18356190126997
40.6  392.86382503028557  296.5061549170462
40.7  397.355777079724  296.82604231500983
40.8  401.84509425805317  297.14322117618906
40.9  406.33174679655474  297.45768860632785
41.  410.81570494417986  297.7694417359117
41.1  415.2969389677463  298.0784777201942
41.2  419.7754191521354  298.38479373922297
41.3  424.25111580048906  298.6883869978651
41.4  428.72399923440713  298.9892547258331
41.5  433.1940397941439  299.28739417770976
41.6  437.6612078388046  299.58280263297337
41.7  442.1254737465424  299.87547739602275
41.8  446.58680791475444  300.1654157962014
41.9  451.04518076027813  300.45261518782235
42.  455.5005627195875  300.7370729501919
42.1  459.9529242489895  301.0187864876338
42.2  464.4022358248191  301.2977532295129
42.3  468.84846794363614  301.57397063025843
42.4  473.2915911224197  301.8474361693874
42.5  477.73157589876456  302.1181473515275
42.6  482.16839283107663  302.38610170644006
42.7  486.60201249876746  302.6512967890423
42.8  491.0324055024498  302.9137301794299
42.9  495.45954246413237  303.1733994828989
43.  499.88339402741474  303.4303023299676
43.1  504.3039308576823  303.6844363763984
43.2  508.7211236422999  303.9357993032187
43.3  513.1349430908074  304.1843888167426
43.4  517.5453599351131  304.4302026485915
43.5  521.9523449296877  304.6732385557148
43.6  526.3558688517588  304.9134943204107
43.7  530.7559025015046  305.1509677503459
43.8  535.1524167022471  305.3856566785761
43.9  539.5453823006457  305.6175589635655
44.  543.9347701668909  305.8466724892064
44.1  548.3205511948972  306.0729951648385
44.2  552.7026963024955  306.2965249252681
44.3  557.0811764316275  306.51725973078675
44.4  561.4559625485365  306.73519756719
44.5  565.8270256439614  306.9503364457957
44.6  570.1943367333284  307.16267440346223
44.7  574.5578668569432  307.3722095026063
44.8  578.9175870801831  307.57893983122074
44.9  583.273468493689  307.7828635028918
45.  587.6254822135572  307.98397865681676
45.1  591.9735993815302  308.1822834578203
45.2  596.3177911651891  308.3777760963717
45.3  600.6580287581438  308.5704547886011
45.4  604.9942833802249  308.7603177763162
45.5  609.326526277674  308.94736332701757
45.6  613.6547287233343  309.13158973391523
45.7  617.9788620168415  309.3129953159437
45.8  622.298897484814  309.49157841777753
45.9  626.6148064810426  309.6673374098465
46.  630.9265603866811  309.8402706883502
46.1  635.2341306104355  310.0103766752731
46.2  639.5374885887538  310.1776538183985
46.3  643.8366057860164  310.3421005913229
46.4  648.1314536947225  310.50371549347005
46.5  652.422003835683  310.6624970501044
46.6  656.7082277582059  310.8184438123446
46.7  660.9900970402871  310.97155435717707
46.8  665.2675832887982  311.1218272874684
46.9  669.5406581396743  311.2692612319786
47.  673.8092932581031  311.4138548453733
47.1  678.0734603387118  311.55560680823623
47.2  682.3331311057552  311.6945158270811
47.3  686.5882773133039  311.8305806343635
47.4  690.8388707454297  311.9637999884926
47.5  695.0848832163949  312.094172673842
47.6  699.3262865708381  312.22169750076137
47.7  703.5630526839602  312.34637330558706
47.8  707.795153461713  312.4681989506527
47.9  712.022560840983  312.5871733242996
48.  716.2452467897795  312.703295340887
48.1  720.4631833074193  312.81656394080176
48.2  724.6763424247126  312.9269780904683
48.3  728.884696204149  313.03453678235775
48.4  733.0882167400821  313.13923903499744
48.5  737.2868761589148  313.24108389297953
48.6  741.4806466192841  313.34007042697004
48.7  745.669500312246  313.4361977337171
48.8  749.8534094614591  313.5294649360593
48.9  754.0323463233702  313.61987118293376
49.  758.2062831873968  313.7074156493837
49.1  762.3751923761112  313.792097536566
49.2  766.5390462454247  313.87391607175886
49.3  770.6978171847708  313.95287050836833
49.4  774.8514776172871  314.0289601259353
49.5  779.  314.10218423014237
49.6  484.0999999999958  314.1725421528197
49.7  189.2000000000021  314.2400332519515
49.8  -105.70000000000209  314.30465691168166
49.9  -400.5999999999958  314.3664125423195
50.  -695.5  314.425299580345
50.1  -695.0573412856928  314.48131748841416
50.2  -694.2542026738787  314.5344657553637
50.3  -693.2189237303252  314.58474389621597
50.4  -691.9975640212914  314.6321514521829
50.5  -690.617015699485  314.6766879906707
50.6  -689.0956494879825  314.71835310528365
50.7  -687.4471415134856  314.7571464158277
50.8  -685.6822502825756  314.793067568314
50.9  -683.8097723009187  314.82611623496206
51.  -681.8371086001829  314.85629211420303
51.1  -679.7706249782395  314.8835949306819
51.2  -677.6158935486733  314.90802443526076
51.3  -675.3778615971075  314.9295804050204
51.4  -673.0609736600591  314.94826264326247
51.5  -670.6692622694467  314.96407097951186
51.6  -668.2064169963927  314.97700526951735
51.7  -665.6758380377034  314.98706539525375
51.8  -663.0806785241975  314.9942512649223
51.9  -660.4238784270744  314.99856281295195
52.  -657.7081920900832  315.
52.1  -654.9362108476482  314.99856281295195
52.2  -652.1103818002373  314.9942512649223
52.3  -649.2330235461492  314.98706539525375
52.4  -646.3063394748856  314.97700526951735
52.5  -643.332429086576  314.96407097951186
52.6  -640.3132976983121  314.94826264326247
52.7  -637.250864820897  314.9295804050204
52.8  -634.1469714310149  314.90802443526076
52.9  -631.0033863190771  314.8835949306819
53.  -627.8218116583993  314.85629211420303
53.1  -624.6038879143437  314.82611623496206
53.2  -621.3511981907709  314.793067568314
53.3  -618.0652720942236  314.7571464158277
53.4  -614.7475891827096  314.71835310528365
53.5  -611.3995820550216  314.6766879906707
53.6  -608.0226391276345  314.6321514521829
53.7  -604.6181071389656  314.58474389621597
53.8  -601.1872934147982  314.5344657553637
53.9  -597.731467923728  314.4813174884142
54.  -594.2518651473732  314.425299580345
54.1  -590.7496857866516  313.61908086347233
54.2  -587.2260983225373  312.8128621465996
54.3  -583.6822404472705  312.006643429727
54.4  -580.1192203799272  311.20042471285427
54.5  -576.5381180784973  310.3942059959816
54.6  -572.9399863591103  309.5879872791089
54.7  -569.32585193177  308.78176856223627
54.8  -565.6967163608376  307.97554984536356
54.9  -562.053556957554  307.1693311284909
55.  -558.3973276110586  306.3631124116182
55.1  -554.7289595636393  305.55689369474555
55.2  -551.0493621353223  304.75067497787285
55.3  -547.3594234023617  303.9444562610002
55.4  -543.6600108337011  303.1382375441275
55.5  -539.9519718890687  302.3320188272548
55.6  -536.2361345819787  301.52580011038214
55.7  -532.5133080105984  300.7195813935095
55.8  -528.7842828591376  299.9133626766368
55.9  -525.0498318721636  299.1071439597641
56.  -521.3107103040182  298.3009252428914
56.1  -517.5676563453017  297.4947065260188
56.2  -513.8213915282104  296.68848780914607
56.3  -510.0726211123537  295.88226909227336
56.4  -506.32203445252327  295.0760503754007
56.5  -502.5703053497643  294.26983165852806
56.6  -498.81809238697195  293.46361294165536
56.7  -495.06603925013866  292.65739422478265
56.8  -491.31477503627474  291.85117550790994
56.9  -487.5649145489424  291.04495679103735
57.  -483.81705858226655  290.23873807416464
57.1  -480.07179419420777  289.43251935729194
57.2  -476.3296949698267  288.62630064041923
57.3  -472.59132127520576  287.8200819235466
57.4  -468.8572205026413  287.01386320667393
57.5  -465.1279273076755  286.2076444898012
57.6  -461.40396383848423  285.4014257729285
57.7  -457.68583995810644  284.59520705605587
57.8  -453.97405345995736  283.7889883391832
57.9  -450.26909027703573  282.9827696223105
58.  -446.5714246852087  282.1765509054378
58.1  -442.8815195009196  281.3703321885651
58.2  -439.19982627365005  280.5641134716925
58.3  -435.5267854734347  279.7578947548198
58.4  -431.86282667370835  278.9516760379471
58.5  -428.20836872974854  278.1454573210744
58.6  -424.5638199529488  277.3392386042018
58.7  -420.9295782811518  276.5330198873291
58.8  -417.30603144524684  275.7268011704564
58.9  -413.69355713222546  274.9205824535837
59.  -410.09252314487827  274.1143637367111
59.1  -406.50328755829514  273.3081450198384
59.2  -402.9261988733288  272.50192630296567
59.3  -399.36159616716435  271.69570758609296
59.4  -395.8098092411311  270.8894888692203
59.5  -392.271158765884  270.08327015234767
59.6  -388.74595642406814  269.27705143547496
59.7  -385.2345050505799  268.47083271860225
59.8  -381.73709877052573  267.6646140017296
59.9  -378.25402313497125  266.85839528485695
60.  -374.78555525457585  266.05217656798425
60.1  -371.3319639311887  265.24595785111154
60.2  -367.8935097874887  264.4397391342389
60.3  -364.47044539473967  263.63352041736624
60.4  -361.0630153987268  262.82730170049354
60.5  -357.67145664394116  262.02108298362083
60.6  -354.2959982960679  261.2148642667481
60.7  -350.9368619628356  260.4086455498755
60.8  -347.5942618132777  259.6024268330028
60.9  -344.26840469545454  258.7962081161301
61.  -340.95949025268243  257.9899893992574
61.1  -337.66771103830956  257.18377068238476
61.2  -334.3932526290811  256.3775519655121
61.3  -331.13629373712865  255.5713332486394
61.4  -327.89700632061954  254.76511453176673
61.5  -324.6755556931  253.95889581489405
61.6  -321.47210063155904  253.15267709802137
61.7  -318.2867934832454  252.3464583811487
61.8  -315.1197802712618  251.54023966427602
61.9  -311.9712007989624  250.7340209474033
62.  -308.84118875317824  249.92780223053066
62.1  -305.7298718062899  249.12158351365795
62.2  -302.63737171717065  248.3153647967853
62.3  -299.5638044310182  247.5091460799126
62.4  -296.50928017809275  246.70292736303995
62.5  -293.4739035713817  245.89670864616724
62.6  -290.45777370320184  245.0904899292946
62.7  -287.4609842407584  244.28427121242188
62.8  -284.4836235206742  243.47805249554924
62.9  -281.5257746425  242.67183377867653
63.  -278.58751556122303  241.86561506180388
63.1  -275.66891917878115  241.05939634493117
63.2  -272.7700534345966  240.2531776280585
63.3  -269.8909813951386  239.44695891118582
63.4  -267.0317613425256  238.64074019431314
63.5  -264.1924468621768  237.83452147744046
63.6  -261.3730869295205  237.02830276056778
63.7  -258.57372599576985  236.2220840436951
63.8  -255.79440407277178  235.4158653268224
63.9  -253.0351568169386  234.60964660994975
64.  -250.2960156122693  233.80342789307704
64.1  -247.57700765246705  232.9972091762044
64.2  -244.878156022158  232.1909904593317
64.3  -242.1994797772235  231.38477174245904
64.4  -239.5409940242421  230.57855302558633
64.5  -236.90270999905903  229.77233430871365
64.6  -234.28463514447725  228.96611559184097
64.7  -231.68677318708427  228.1598968749683
64.8  -229.10912421321726  227.35367815809562
64.9  -226.55168474406653  226.54745944122294
65.  -224.01444780993302  225.74124072435026
65.1  -221.49740302363244  224.93502200747758
65.2  -219.00053665306078  224.1288032906049
65.3  -216.52383169292116  223.32258457373223
65.4  -214.0672679356137  222.51636585685955
65.5  -211.63082204130168  221.71014713998687
65.6  -209.2144676071473  220.9039284231142
65.7  -206.8181752357301  220.09770970624152
65.8  -204.44191260264944  219.2914909893688
65.9  -202.0856445233111  218.48527227249616
66.  -199.74933301891045  217.67905355562345
66.1  -197.43293738160685  216.8728348387508
66.2  -195.1364142389019  216.0666161218781
66.3  -192.8597176172205  215.26039740500545
66.4  -190.60279900469797  214.45417868813274
66.5  -188.36560741318354  213.6479599712601
66.6  -186.14808943945522  212.8417412543874
66.7  -183.95018932565824  212.03552253751474
66.8  -181.77184901896752  211.22930382064203
66.9  -179.61300823047537  210.42308510376935
67.  -177.47360449331632  209.61686638689667
67.1  -175.35357322002335  208.81064767002397
67.2  -173.25284775912803  208.00442895315132
67.3  -171.17135945100532  207.1982102362786
67.4  -169.10903768296382  206.39199151940596
67.5  -167.06580994359365  205.58577280253326
67.6  -165.04160187636728  204.7795540856606
67.7  -163.03633733250413  203.9733353687879
67.8  -161.04993842310145  203.16711665191525
67.9  -159.08232557053185  202.36089793504254
68.  -157.13341755911947  201.5546792181699
68.1  -155.20313158509097  200.7484605012972
68.2  -153.2913833058119  199.94224178442454
68.3  -151.39808688831087  199.13602306755183
68.4  -149.5231550570931  198.32980435067915
68.5  -147.66649914125423  197.52358563380648
68.6  -145.8280291208917  196.7173669169338
68.7  -144.00765367282403  195.91114820006112
68.8  -142.2052802156208  195.10492948318844
68.9  -140.42081495394493  194.29871076631576
69.  -138.65416292221835  193.4924920494431
69.1  -136.90522802760879  192.6862733325704
69.2  -135.17391309234807  191.88005461569773
69.3  -133.46011989538448  191.07383589882505
69.4  -131.76374921337194  190.26761718195237
69.5  -130.0847008610064  189.4613984650797
69.6  -128.42287373070752  188.65517974820702
69.7  -126.77816583165668  187.8489610313343
69.8  -125.15047432819354  187.04274231446166
69.9  -123.53969557757426  186.23652359758896
70.  -121.94572516710188  185.4303048807163
70.1  -120.36845795062759  184.6240861638436
70.2  -118.80778808443266  183.81786744697092
70.3  -117.26360906249562  183.01164873009824
70.4  -115.73581375114588  182.20543001322557
70.5  -114.22429442311541  181.3992112963529
70.6  -112.72894279098732  180.5929925794802
70.7  -111.24965004005172  179.78677386260753
70.8  -109.7863068605714  178.98055514573485
70.9  -108.338803479462  178.17433642886218
71.  -106.90702969139573  177.36811771198947
71.1  -105.49087488932847  176.56189899511682
71.2  -104.09022809446073  175.7556802782441
71.3  -102.70497798563605  174.94946156137146
71.4  -101.3350129281791  174.14324284449876
71.5  -99.98022100218556  173.3370241276261
71.6  -98.6404900302617  172.5308054107534
71.7  -97.3157076047252  171.72458669388075
71.8  -96.0057611142699  170.91836797700805
71.9  -94.71053777009807  170.1121492601354
72.  -93.42992463153132  169.3059305432627
72.1  -92.1638086310987  168.49971182639004
72.2  -90.91207659911298  167.69349310951733
72.3  -89.67461528773825  166.88727439264466
72.4  -88.4513113945531  166.08105567577198
72.5  -87.24205158561887  165.2748369588993
72.6  -86.04672251805273  164.46861824202662
72.7  -84.86521086211681  163.66239952515394
72.8  -83.69740332282589  162.85618080828127
72.9  -82.54318666107753  162.0499620914086
73.  -81.4024477143152  161.2437433745359
73.1  -80.27507341672394  160.43752465766323
73.2  -79.1609508189686  159.63130594079055
73.3  -78.05996710747843  158.82508722391788
73.4  -76.97200962328176  158.0188685070452
73.5  -75.8969658804003  157.2126497901725
73.6  -74.83472358380355  156.4064310732998
73.7  -73.78517064693324  155.60021235642714
73.8  -72.74819520880055  154.79399363955446
73.9  -71.72368565066132  153.98777492268178
74.  -70.71153061227726  153.1815562058091
74.1  -69.71161900776467  152.37533748893642
74.2  -68.72384004103965  151.56911877206375
74.3  -67.74808322086322  150.76290005519107
74.4  -66.78423837549109  149.9566813383184
74.5  -65.8321956669358  149.1504626214457
74.6  -64.8918456048434  148.34424390457303
74.7  -63.96307905999246  147.53802518770036
74.8  -63.04578727741989  146.73180647082768
74.9  -62.13986188917725  145.92558775395497
75.  -61.24519492672568  145.11936903708232
75.1  -60.361678832971485  144.31315032020962
75.2  -59.48920647394972  143.50693160333697
75.3  -58.6276711501607  142.70071288646426
75.4  -57.776966607562066  141.8944941695916
75.5  -56.93698704822575  141.0882754527189
75.6  -56.10762714066018  140.28205673584625
75.7  -55.2887820298065  139.47583801897355
75.8  -54.48034734671203  138.6696193021009
75.9  -53.68221921788503  137.8634005852282
76.  -52.89429427433838  137.05718186835554
76.1  -52.11646966032399  136.25096315148284
76.2  -51.34864304176502  135.44474443461016
76.3  -50.59071261439002  134.63852571773748
76.4  -49.842577111572616  133.8323070008648
76.5  -49.10413581188405  133.02608828399212
76.6  -48.37528854636019  132.21986956711945
76.7  -47.65593570549038  131.41365085024677
76.8  -46.945978245931364  130.60743213337406
76.9  -46.24531769695029  129.8012134165014
77.  -45.553856166604  128.9949946996287
77.1  -44.87149634765521  128.18877598275606
77.2  -44.19814152323388  127.38255726588336
77.3  -43.53369557224596  126.57633854901069
77.4  -42.878062974534245  125.77011983213801
77.5  -42.23114881579669  124.96390111526533
77.6  -41.59285879226514  124.15768239839265
77.7  -40.963099215149796  123.35146368151997
77.8  -40.34177701485394  122.5452449646473
77.9  -39.72879974496121  121.73902624777462
78.  -39.12407558600264  120.93280753090194
78.1  -38.527513349004536  120.12658881402925
78.2  -37.939022478823425  119.32037009715657
78.3  -37.358513057271885  118.51415138028389
78.4  -36.7858958060374  117.7079326634112
78.5  -36.221082089401534  116.90171394653852
78.6  -35.663983916759804  116.09549522966584
78.7  -35.114513944948875  115.28927651279317
78.8  -34.57258548038415  114.48305779592049
78.9  -34.038112481010074  113.67683907904781
79.  -33.511009558070015  112.87062036217513
79.1  -32.991191977696  112.06440164530245
79.2  -32.478575662324914  111.25818292842978
79.3  -31.973077191943254  110.4519642115571
79.4  -31.474613805163962  109.6457454946844
79.5  -30.98310340014038  108.83952677781173
79.6  -30.498464535318682  108.03330806093905
79.7  -30.020616430034398  107.22708934406637
79.8  -29.549478964955455  106.4208706271937
79.9  -29.08497268237453  105.61465191032102
80.  -28.627018786355915  104.80843319344834
80.1  -28.17553914273816  104.00221447657566
80.2  -27.73045627899739  103.19599575970298
80.3  -27.291693383973914  102.3897770428303
80.4  -26.85917430746476  101.58355832595763
80.5  -26.43282355968688  100.77733960908495
80.6  -26.01256631061209  99.97112089221227
80.7  -25.59832838917886  99.16490217533958
80.8  -25.190036282382685  98.3586834584669
80.9  -24.78761713424814  97.55246474159422
81.  -24.390998744686648  96.74624602472154
81.1  -24.00010956824127  95.94002730784887
81.2  -23.614878712722877  95.13380859097619
81.3  -23.23523593773985  94.32758987410351
81.4  -22.86111165312376  93.52137115723083
81.5  -22.492436917255066  92.71515244035815
81.6  -22.12914343528987  91.90893372348546
81.7  -21.77116355729186  91.10271500661278
81.8  -21.418430276271557  90.2964962897401
81.9  -21.070877226134975  89.49027757286743
82.  -20.72843867954541  88.68405885599473
82.1  -20.391049545699563  87.87784013912206
82.2  -20.058645368021708  87.07162142224938
82.3  -19.731162321777674  86.2654027053767
82.4  -19.408537211610977  85.45918398850402
82.5  -19.0907074690042  84.65296527163134
82.6  -18.777611149666978  83.84674655475867
82.7  -18.469186930853844  83.04052783788599
82.8  -18.165374108613698  82.23430912101331
82.9  -17.866112594972932  81.42809040414063
83.  -17.571342915055357  80.62187168726796
83.1  -17.281006204139597  79.81565297039528
83.2  -16.99504420465771  79.0094342535226
83.3  -16.71339926313609  78.2032155366499
83.4  -16.43601432708065  77.39699681977723
83.5  -16.162832941809338  76.59077810290455
83.6  -15.893799247232565  75.78455938603187
83.7  -15.628857974584635  74.9783406691592
83.8  -15.367954443107788  74.17212195228652
83.9  -15.111034556690102  73.36590323541384
84.  -14.858044800460318  72.55968451854116
84.1  -14.608932237340152  71.75346580166848
84.2  -14.363644504556857  70.9472470847958
84.3  -14.122129810117336  70.14102836792313
84.4  -13.884336929245325  69.33480965105045
84.5  -13.650215200784098  68.52859093417777
84.6  -13.419714523565341  67.72237221730508
84.7  -13.192785352746705  66.9161535004324
84.8  -12.96937869611928  66.10993478355972
84.9  -12.74944611038626  65.30371606668703
85.  -12.532939697415022  64.49749734981435
85.1  -12.31981210046343  63.69127863294168
85.2  -12.110016500382248  62.885059916069004
85.3  -11.90350661179522  62.078841199196326
85.4  -11.700236679257586  61.27262248232365
85.5  -11.50016147339534  60.46640376545097
85.6  -11.30323628702575  59.660185048578285
85.7  -11.109416931261002  58.8539663317056
85.8  -10.91865973159619  58.04774761483292
85.9  -10.730921523982603  57.241528897960244
86.  -10.546159650888105  56.435310181087566
86.1  -10.36433195734518  55.62909146421489
86.2  -10.185396786988537  54.8228727473422
86.3  -10.009312978082942  54.016654030469525
86.4  -9.83603985954245  53.21043531359685
86.5  -9.665537246942586  52.40421659672417
86.6  -9.497765438525935  51.59799787985149
86.7  -9.332685211202772  50.79177916297881
86.8  -9.170257816547517  49.985560446106135
86.9  -9.010444976791863  49.17934172923345
87.  -8.853208880816155  48.37312301236077
87.1  -8.69851218013912  47.566904295488094
87.2  -8.546317984907786  46.760685578615416
87.3  -8.396589859888017  45.95446686174273
87.4  -8.249291820456426  45.14824814487005
87.5  -8.104388328595206  44.34202942799737
87.6  -7.961844288889874  43.53581071112469
87.7  -7.821625044531507  42.72959199425201
87.8  -7.683696373323963  41.92337327737933
87.9  -7.5480244836966435  41.117154560506656
88.  -7.4145760107242085  40.31093584363398
88.1  -7.2833180121532415  39.5047171267613
88.2  -7.154217964437259  38.698498409888614
88.3  -7.027243758780358  37.89227969301594
88.4  -6.902363697190255  37.08606097614326
88.5  -6.779546488541676  36.27984225927058
88.6  -6.658761244650248  35.4736235423979
88.7  -6.539977476358044  34.667404825525225
88.8  -6.423165089631082  33.86118610865254
88.9  -6.3082943816693975  33.05496739177986
89.  -6.195336037030458  32.248748674907176
89.1  -6.084261123766218  31.442529958034502
89.2  -5.975041089574582  30.636311241161824
89.3  -5.867647757965779  29.830092524289142
89.4  -5.762053324443885  29.02387380741646
89.5  -5.658230352704485  28.217655090543783
89.6  -5.556151770848404  27.4114363736711
89.7  -5.455790867612429  26.605217656798423
89.8  -5.357121288617242  25.798998939925745
89.9  -5.26011703263289  24.992780223053067
90.  -5.164752447862605  24.186561506180386
90.1  -5.071002228244836  23.380342789307708
90.2  -4.978841409774399  22.574124072435026
90.3  -4.888245366842788  21.767905355562345
90.4  -4.799189808598041  20.961686638689667
90.5  -4.71165077532473  20.15546792181699
90.6  -4.62560463484405  19.349249204944307
90.7  -4.541028078934664  18.54303048807163
90.8  -4.457898119774439  17.73681177119895
90.9  -4.376192086403285  16.93059305432627
91.  -4.295887621207674  16.124374337453588
91.1  -4.216962676426691  15.318155620580912
91.2  -4.139395510680253  14.51193690370823
91.3  -4.063164685519584  13.70571818683555
91.4  -3.9882490620000133  12.899499469962873
91.5  -3.914627797276711  12.093280753090193
91.6  -3.842280341223128  11.287062036217513
91.7  -3.771186433072658  10.480843319344833
91.8  -3.701326098083636  9.674624602472154
91.9  -3.632679644227673  8.868405885599476
92.  -3.565227658901787  8.062187168726794
92.1  -3.4989510056642295  7.255968451854115
92.2  -3.433830820994294  6.449749734981436
92.3  -3.369848511076255  5.643531018108757
92.4  -3.3069857486074103  4.837312301236077
92.5  -3.2452244696305765  4.031093584363397
92.6  -3.1845468703909225  3.224874867490718
92.7  -3.124935404217411  2.4186561506180384
92.8  -3.0663727784288555  1.612437433745359
92.9  -3.008841951264659  0.8062187168726795
93.  -2.9523261288404  0.
93.1  -2.8968087621282312  0.
93.2  -2.8422735439622087  0.
93.3  -2.788704406068633  0.
93.4  -2.736085516121316  0.
93.5  -2.6844012748220063  0.
93.6  -2.633636313005784  0.
93.7  -2.583775488771641  0.
93.8  -2.5348038846381886  0.
93.9  -2.4867068047243874  0.
94.  -2.4394697719555576  0.
94.1  -2.393078525294387  0.
94.2  -2.347519016997136  0.
94.3  -2.302777409894945  0.
94.4  -2.2588400747001653  0.
94.5  -2.215693587337824  0.
94.6  -2.173324726302041  0.
94.7  -2.131720470037479  0.
94.8  -2.0908679943457393  0.
94.9  -2.050754669816598  0.
95.  -2.0113680592841594  0.

 