
 etall    1, NO =    5, NV =    5, INA =   16
 *********************************************

    I  COEFFICIENT          ORDER   EXPONENTS
     1  -0.2818797002951E-13    0     0 0  0 0  0
 -2.818797002950652E-014
     2  -0.3383931011593E-01    1     1 0  0 0  0
 -3.383931011593193E-002
     3    20.16394626286        1     0 1  0 0  0
   20.1639462628614     
     4    3.123531085644        1     0 0  0 0  1
   3.12353108564428     
     5  -0.2577629361405        2     2 0  0 0  0
 -0.257762936140454     
     6   -6.026765229234        2     1 1  0 0  0
  -6.02676522923367     
     7   -63.15971526417        2     0 2  0 0  0
  -63.1597152641701     
     8  -0.4324560999795        2     0 0  2 0  0
 -0.432456099979484     
     9   -10.27551677448        2     0 0  1 1  0
  -10.2755167744779     
    10   -2.561300332989        2     1 0  0 0  1
  -2.56130033298892     
    11   -7.003670825483        2     0 1  0 0  1
  -7.00367082548290     
    12   -78.09977902497        2     0 0  0 2  0
  -78.0997790249738     
    13    9.772831137089        2     0 0  0 0  2
   9.77283113708897     
    14    46.90611426684        3     3 0  0 0  0
   46.9061142668403     
    15    229.3303710297        3     2 1  0 0  0
   229.330371029652     
    16    19545.78163794        3     1 2  0 0  0
   19545.7816379375     
    17    40118.58225356        3     0 3  0 0  0
   40118.5822535632     
    18    20.88872456799        3     1 0  2 0  0
   20.8887245679934     
    19    96.72927128556        3     0 1  2 0  0
   96.7292712855600     
    20    21.76269221512        3     1 0  1 1  0
   21.7626922151243     
    21    4143.930002393        3     0 1  1 1  0
   4143.93000239273     
    22   -408.1550651903        3     2 0  0 0  1
  -408.155065190317     
    23   -937.6237708463        3     1 1  0 0  1
  -937.623770846337     
    24   -54412.81511565        3     0 2  0 0  1
  -54412.8151156520     
    25   -63.86128222938        3     0 0  2 0  1
  -63.8612822293847     
    26    917.7495523467        3     1 0  0 2  0
   917.749552346735     
    27    4023.262463494        3     0 1  0 2  0
   4023.26246349364     
    28    33.69440737433        3     0 0  1 1  1
   33.6944073743286     
    29    2734.285683373        3     1 0  0 0  2
   2734.28568337288     
    30    4092.458886927        3     0 1  0 0  2
   4092.45888692663     
    31   -2092.487363133        3     0 0  0 2  1
  -2092.48736313313     
    32   -5754.559451980        3     0 0  0 0  3
  -5754.55945197959     
    33    14.06324502910        4     4 0  0 0  0
   14.0632450291014     
    34    292.1254364552        4     3 1  0 0  0
   292.125436455154     
    35    6939.254284070        4     2 2  0 0  0
   6939.25428407007     
    36    90876.78683891        4     1 3  0 0  0
   90876.7868389126     
    37    2104345.292110        4     0 4  0 0  0
   2104345.29210954     
    38    52.15406081676        4     2 0  2 0  0
   52.1540608167629     
    39   -974.9206229783        4     1 1  2 0  0
  -974.920622978254     
    40   -671.2359383536        4     0 2  2 0  0
  -671.235938353584     
    41    27.17484407350        4     0 0  4 0  0
   27.1748440734988     
    42   -353.4831829135        4     2 0  1 1  0
  -353.483182913468     
    43   -31162.28207547        4     1 1  1 1  0
  -31162.2820754678     
    44   -191494.9230431        4     0 2  1 1  0
  -191494.923043120     
    45    1067.286960755        4     0 0  3 1  0
   1067.28696075497     
    46   -1054.732561398        4     3 0  0 0  1
  -1054.73256139844     
    47   -2762.867859170        4     2 1  0 0  1
  -2762.86785917037     
    48   -429368.9003338        4     1 2  0 0  1
  -429368.900333751     
    49    553775.5054255        4     0 3  0 0  1
   553775.505425544     
    50   -7241.967914576        4     1 0  2 0  1
  -7241.96791457586     
    51   -24582.17965788        4     0 1  2 0  1
  -24582.1796578835     
    52    4809.176700502        4     2 0  0 2  0
   4809.17670050186     
    53   -59657.04750020        4     1 1  0 2  0
  -59657.0475002015     
    54   -210217.6544489        4     0 2  0 2  0
  -210217.654448899     
    55    12373.35476624        4     0 0  2 2  0
   12373.3547662370     
    56   -2238.060577126        4     1 0  1 1  1
  -2238.06057712568     
    57   -993566.7407019        4     0 1  1 1  1
  -993566.740701935     
    58    8889.655888299        4     2 0  0 0  2
   8889.65588829929     
    59    15416.28135471        4     1 1  0 0  2
   15416.2813547083     
    60    1415704.931691        4     0 2  0 0  2
   1415704.93169128     
    61    21664.64445265        4     0 0  2 0  2
   21664.6444526455     
    62    68917.70452185        4     0 0  1 3  0
   68917.7045218525     
    63   -442847.7532610        4     1 0  0 2  1
  -442847.753261004     
    64   -354670.9039145        4     0 1  0 2  1
  -354670.903914477     
    65    1568.353265493        4     0 0  1 1  2
   1568.35326549294     
    66   -36023.13835219        4     1 0  0 0  3
  -36023.1383521932     
    67    77008.07749712        4     0 1  0 0  3
   77008.0774971241     
    68    628979.3510746        4     0 0  0 4  0
   628979.351074585     
    69    1322779.149233        4     0 0  0 2  2
   1322779.14923344     
    70    56070.02815291        4     0 0  0 0  4
   56070.0281529088     
    71   -1362.616146255        5     5 0  0 0  0
  -1362.61614625517     
    72   -34818.52456404        5     4 1  0 0  0
  -34818.5245640419     
    73   -1327441.338661        5     3 2  0 0  0
  -1327441.33866120     
    74   -23781389.42634        5     2 3  0 0  0
  -23781389.4263403     
    75   -292409145.5865        5     1 4  0 0  0
  -292409145.586482     
    76   -4309957151.096        5     0 5  0 0  0
  -4309957151.09626     
    77    88854.79757650        5     3 0  2 0  0
   88854.7975765039     
    78    767940.1229984        5     2 1  2 0  0
   767940.122998386     
    79    24235320.97418        5     1 2  2 0  0
   24235320.9741824     
    80    76749151.08270        5     0 3  2 0  0
   76749151.0826962     
    81   -136145.8553339        5     1 0  4 0  0
  -136145.855333917     
    82   -577162.7797213        5     0 1  4 0  0
  -577162.779721343     
    83    6708.054537781        5     3 0  1 1  0
   6708.05453778107     
    84    26123179.42883        5     2 1  1 1  0
   26123179.4288288     
    85    151186514.3957        5     1 2  1 1  0
   151186514.395653     
    86    3778661196.437        5     0 3  1 1  0
   3778661196.43664     
    87   -424668.0872511        5     1 0  3 1  0
  -424668.087251053     
    88   -28560946.32786        5     0 1  3 1  0
  -28560946.3278615     
    89    18158.83973283        5     4 0  0 0  1
   18158.8397328278     
    90    332558.9925986        5     3 1  0 0  1
   332558.992598611     
    91    10351867.62928        5     2 2  0 0  1
   10351867.6292761     
    92    122219658.8403        5     1 3  0 0  1
   122219658.840338     
    93    557138425.6483        5     0 4  0 0  1
   557138425.648345     
    94   -790644.2574433        5     2 0  2 0  1
  -790644.257443337     
    95   -3617781.739842        5     1 1  2 0  1
  -3617781.73984230     
    96   -67283428.07281        5     0 2  2 0  1
  -67283428.0728117     
    97    396447.0272631        5     0 0  4 0  1
   396447.027263080     
    98    2868832.959335        5     3 0  0 2  0
   2868832.95933514     
    99    833271.7032690        5     2 1  0 2  0
   833271.703268950     
   100    3283932327.460        5     1 2  0 2  0
   3283932327.45979     
   101    6472303427.614        5     0 3  0 2  0
   6472303427.61380     
   102   -24640527.11498        5     1 0  2 2  0
  -24640527.1149829     
   103   -161776457.1216        5     0 1  2 2  0
  -161776457.121630     
   104    343990.2981790        5     2 0  1 1  1
   343990.298178960     
   105   -145024785.3665        5     1 1  1 1  1
  -145024785.366503     
   106   -302789747.8768        5     0 2  1 1  1
  -302789747.876837     
   107    686327.9174463        5     0 0  3 1  1
   686327.917446297     
   108   -237129.9576342        5     3 0  0 0  2
  -237129.957634192     
   109   -3487673.779303        5     2 1  0 0  2
  -3487673.77930332     
   110   -89144367.33996        5     1 2  0 0  2
  -89144367.3399551     
   111   -928759002.7915        5     0 3  0 0  2
  -928759002.791520     
   112    5108269.758180        5     1 0  2 0  2
   5108269.75817995     
   113    14370310.29267        5     0 1  2 0  2
   14370310.2926714     
   114   -12727921.73491        5     1 0  1 3  0
  -12727921.7349082     
   115   -4034906220.412        5     0 1  1 3  0
  -4034906220.41165     
   116   -23330197.81069        5     2 0  0 2  1
  -23330197.8106859     
   117    38893487.22097        5     1 1  0 2  1
   38893487.2209662     
   118   -8680870000.904        5     0 2  0 2  1
  -8680870000.90374     
   119    67651438.36138        5     0 0  2 2  1
   67651438.3613752     
   120   -695404.2362124        5     1 0  1 1  2
  -695404.236212403     
   121    654039332.0119        5     0 1  1 1  2
   654039332.011885     
   122    1484477.412216        5     2 0  0 0  3
   1484477.41221614     
   123    14450273.66520        5     1 1  0 0  3
   14450273.6652018     
   124    188649676.2179        5     0 2  0 0  3
   188649676.217927     
   125   -10576888.87607        5     0 0  2 0  3
  -10576888.8760659     
   126   -630267784.4380        5     1 0  0 4  0
  -630267784.437972     
   127   -1289006891.374        5     0 1  0 4  0
  -1289006891.37356     
   128   -2821488.918374        5     0 0  1 3  1
  -2821488.91837404     
   129    208005515.1959        5     1 0  0 2  2
   208005515.195937     
   130    12412927.87987        5     0 1  0 2  2
   12412927.8798656     
   131    943376.9891500        5     0 0  1 1  3
   943376.989149997     
   132   -4707224.501626        5     1 0  0 0  4
  -4707224.50162594     
   133   -45447906.09488        5     0 1  0 0  4
  -45447906.0948795     
   134    1578138055.683        5     0 0  0 4  1
   1578138055.68315     
   135   -479298756.5390        5     0 0  0 2  3
  -479298756.538962     
   136    5895027.776597        5     0 0  0 0  5
   5895027.77659726     
                                      

 etall    1, NO =    5, NV =    5, INA =   20
 *********************************************

    I  COEFFICIENT          ORDER   EXPONENTS
     1   0.7828560254504E-15    0     0 0  0 0  0
  7.828560254504101E-016
     2  -0.4933795885710E-01    1     1 0  0 0  0
 -4.933795885709630E-002
     3  -0.1522504113729        1     0 1  0 0  0
 -0.152250411372892     
     4   0.1490644113495        1     0 0  0 0  1
  0.149064411349529     
     5  -0.5222315254199E-02    2     2 0  0 0  0
 -5.222315254199073E-003
     6  -0.2439263820133        2     1 1  0 0  0
 -0.243926382013297     
     7   -5.854831562659        2     0 2  0 0  0
  -5.85483156265898     
     8  -0.2891226905469E-01    2     0 0  2 0  0
 -2.891226905469124E-002
     9  -0.4685226188619        2     0 0  1 1  0
 -0.468522618861878     
    10   0.7775123733929E-02    2     1 0  0 0  1
  7.775123733928841E-003
    11   -3.320545556705        2     0 1  0 0  1
  -3.32054555670467     
    12   -2.466951330056        2     0 0  0 2  0
  -2.46695133005558     
    13   0.8978686096148E-02    2     0 0  0 0  2
  8.978686096147687E-003
    14  -0.1918880519165        3     3 0  0 0  0
 -0.191888051916505     
    15    46.12183147283        3     2 1  0 0  0
   46.1218314728255     
    16    53.01032566072        3     1 2  0 0  0
   53.0103256607163     
    17    19042.10390416        3     0 3  0 0  0
   19042.1039041568     
    18   0.5850237402439E-01    3     1 0  2 0  0
  5.850237402438988E-002
    19    6.605426921514        3     0 1  2 0  0
   6.60542692151410     
    20    9.594307372959        3     1 0  1 1  0
   9.59430737295905     
    21    86.16594492314        3     0 1  1 1  0
   86.1659449231381     
    22    2.208106588014        3     2 0  0 0  1
   2.20810658801409     
    23   -257.5369015684        3     1 1  0 0  1
  -257.536901568372     
    24    232.8248334818        3     0 2  0 0  1
   232.824833481802     
    25   0.5553615268746        3     0 0  2 0  1
  0.555361526874647     
    26   -3.482504949159        3     1 0  0 2  0
  -3.48250494915856     
    27    3147.470407886        3     0 1  0 2  0
   3147.47040788607     
    28   -27.41385119970        3     0 0  1 1  1
  -27.4138511997031     
    29   -13.39082559577        3     1 0  0 0  2
  -13.3908255957703     
    30    1896.868004665        3     0 1  0 0  2
   1896.86800466531     
    31   -57.50142411343        3     0 0  0 2  1
  -57.5014241134309     
    32    29.19822538069        3     0 0  0 0  3
   29.1982253806927     
    33  -0.6571229757257        4     4 0  0 0  0
 -0.657122975725737     
    34   -9.661322479829        4     3 1  0 0  0
  -9.66132247982875     
    35   -134.1028643806        4     2 2  0 0  0
  -134.102864380558     
    36   -7065.376423340        4     1 3  0 0  0
  -7065.37642333965     
    37    50378.06993730        4     0 4  0 0  0
   50378.0699372986     
    38   -2.397098684804        4     2 0  2 0  0
  -2.39709868480408     
    39    4.121854390523        4     1 1  2 0  0
   4.12185439052334     
    40   -652.1494576473        4     0 2  2 0  0
  -652.149457647260     
    41    4.111701751669        4     0 0  4 0  0
   4.11170175166871     
    42   -35.48649152072        4     2 0  1 1  0
  -35.4864915207192     
    43   -681.6225001243        4     1 1  1 1  0
  -681.622500124260     
    44   -41799.05791619        4     0 2  1 1  0
  -41799.0579161925     
    45    10.14825648573        4     0 0  3 1  0
   10.1482564857278     
    46    2.173025108350        4     3 0  0 0  1
   2.17302510835044     
    47   -842.6191882710        4     2 1  0 0  1
  -842.619188271011     
    48   -3820.978735461        4     1 2  0 0  1
  -3820.97873546118     
    49   -377324.5989156        4     0 3  0 0  1
  -377324.598915628     
    50  -0.1173128813491        4     1 0  2 0  1
 -0.117312881349068     
    51   -2883.811053435        4     0 1  2 0  1
  -2883.81105343476     
    52   -92.69704905295        4     2 0  0 2  0
  -92.6970490529484     
    53   -5086.321211087        4     1 1  0 2  0
  -5086.32121108688     
    54   -91238.40888927        4     0 2  0 2  0
  -91238.4088892724     
    55    560.7559149171        4     0 0  2 2  0
   560.755914917114     
    56   -2352.455992617        4     1 0  1 1  1
  -2352.45599261747     
    57   -24878.16367664        4     0 1  1 1  1
  -24878.1636766372     
    58   -9.343758342147        4     2 0  0 0  2
  -9.34375834214703     
    59    4614.470249689        4     1 1  0 0  2
   4614.47024968901     
    60    16597.49748280        4     0 2  0 0  2
   16597.4974827979     
    61   -8.441946701970        4     0 0  2 0  2
  -8.44194670197032     
    62    851.3896568897        4     0 0  1 3  0
   851.389656889716     
    63    3392.284004164        4     1 0  0 2  1
   3392.28400416371     
    64   -1030424.496800        4     0 1  0 2  1
  -1030424.49680025     
    65    6537.562740385        4     0 0  1 1  2
   6537.56274038469     
    66   -209.6632706772        4     1 0  0 0  3
  -209.663270677234     
    67   -16305.74677921        4     0 1  0 0  3
  -16305.7467792149     
    68   -56447.44499992        4     0 0  0 4  0
  -56447.4449999224     
    69   -12053.87299258        4     0 0  0 2  2
  -12053.8729925832     
    70    698.5833417582        4     0 0  0 0  4
   698.583341758212     
    71    59.03691545229        5     5 0  0 0  0
   59.0369154522851     
    72   -945.4288854595        5     4 1  0 0  0
  -945.428885459525     
    73    43271.27422631        5     3 2  0 0  0
   43271.2742263052     
    74   -899934.1347265        5     2 3  0 0  0
  -899934.134726529     
    75    6228675.494508        5     1 4  0 0  0
   6228675.49450829     
    76   -208144124.0294        5     0 5  0 0  0
  -208144124.029385     
    77   -38.06251641591        5     3 0  2 0  0
  -38.0625164159146     
    78    52763.58695350        5     2 1  2 0  0
   52763.5869534998     
    79    400352.3941828        5     1 2  2 0  0
   400352.394182751     
    80    8878761.873783        5     0 3  2 0  0
   8878761.87378280     
    81   -318.5593628149        5     1 0  4 0  0
  -318.559362814917     
    82   -30172.82918791        5     0 1  4 0  0
  -30172.8291879058     
    83    21388.37523833        5     3 0  1 1  0
   21388.3752383319     
    84    118510.5437653        5     2 1  1 1  0
   118510.543765287     
    85    25958634.86859        5     1 2  1 1  0
   25958634.8685854     
    86    158963890.5833        5     0 3  1 1  0
   158963890.583308     
    87   -65611.96518397        5     1 0  3 1  0
  -65611.9651839740     
    88   -561817.1453031        5     0 1  3 1  0
  -561817.145303105     
    89   -860.7472721712        5     4 0  0 0  1
  -860.747272171164     
    90    10779.85244625        5     3 1  0 0  1
   10779.8524462515     
    91   -424396.8303762        5     2 2  0 0  1
  -424396.830376220     
    92    4926485.553278        5     1 3  0 0  1
   4926485.55327838     
    93   -35831153.19328        5     0 4  0 0  1
  -35831153.1932754     
    94    1737.730373928        5     2 0  2 0  1
   1737.73037392850     
    95   -297354.1590567        5     1 1  2 0  1
  -297354.159056730     
    96   -717151.5134289        5     0 2  2 0  1
  -717151.513428886     
    97    11.24427749208        5     0 0  4 0  1
   11.2442774920821     
    98   -17690.04728013        5     3 0  0 2  0
  -17690.0472801287     
    99    8055966.595031        5     2 1  0 2  0
   8055966.59503148     
   100    2059805.493887        5     1 2  0 2  0
   2059805.49388711     
   101    5448985595.163        5     0 3  0 2  0
   5448985595.16287     
   102   -163714.5383131        5     1 0  2 2  0
  -163714.538313123     
   103   -26487752.09027        5     0 1  2 2  0
  -26487752.0902723     
   104   -182058.5367281        5     2 0  1 1  1
  -182058.536728086     
   105   -48736.12898111        5     1 1  1 1  1
  -48736.1289811122     
   106   -66771004.02512        5     0 2  1 1  1
  -66771004.0251235     
   107    186732.0336914        5     0 0  3 1  1
   186732.033691449     
   108    9269.530407058        5     3 0  0 0  2
   9269.53040705791     
   109   -165471.8265282        5     2 1  0 0  2
  -165471.826528240     
   110    2656526.481640        5     1 2  0 0  2
   2656526.48163953     
   111   -59868494.53104        5     0 3  0 0  2
  -59868494.5310413     
   112   -2443.244329902        5     1 0  2 0  2
  -2443.24432990164     
   113    1427956.612431        5     0 1  2 0  2
   1427956.61243057     
   114   -9525917.177134        5     1 0  1 3  0
  -9525917.17713440     
   115   -132738602.0973        5     0 1  1 3  0
  -132738602.097255     
   116    185440.8893370        5     2 0  0 2  1
   185440.889337006     
   117   -41350815.82659        5     1 1  0 2  1
  -41350815.8265863     
   118    58546448.08666        5     0 2  0 2  1
   58546448.0866632     
   119    140747.6861505        5     0 0  2 2  1
   140747.686150453     
   120    1606099.240343        5     1 0  1 1  2
   1606099.24034317     
   121    9509641.080997        5     0 1  1 1  2
   9509641.08099745     
   122   -52174.55393812        5     2 0  0 0  3
  -52174.5539381198     
   123    809662.3032760        5     1 1  0 0  3
   809662.303275953     
   124   -6398212.471116        5     0 2  0 0  3
  -6398212.47111641     
   125   -465.4061058114        5     0 0  2 0  3
  -465.406105811391     
   126    6997990.580157        5     1 0  0 4  0
   6997990.58015689     
   127   -3030532249.553        5     0 1  0 4  0
  -3030532249.55277     
   128    26202449.53433        5     0 0  1 3  1
   26202449.5343253     
   129   -1486351.047738        5     1 0  0 2  2
  -1486351.04773778     
   130    468317854.2613        5     0 1  0 2  2
   468317854.261300     
   131   -3678427.638005        5     0 0  1 1  3
  -3678427.63800474     
   132    195191.6342276        5     1 0  0 0  4
   195191.634227633     
   133   -1795840.966260        5     0 1  0 0  4
  -1795840.96626005     
   134   -21606841.93399        5     0 0  0 4  1
  -21606841.9339946     
   135    3761954.724692        5     0 0  0 2  3
   3761954.72469201     
   136   -313303.9705688        5     0 0  0 0  5
  -313303.970568825     
                                      

 etall    1, NO =    5, NV =    5, INA =   21
 *********************************************

    I  COEFFICIENT          ORDER   EXPONENTS
     1   0.2997776468612        1     0 0  1 0  0
  0.299777646861202     
     2    12.01579714367        1     0 0  0 1  0
   12.0157971436675     
     3  -0.3420119605716        2     1 0  1 0  0
 -0.342011960571552     
     4   -12.29128215687        2     0 1  1 0  0
  -12.2912821568663     
     5   -3.640974973550        2     1 0  0 1  0
  -3.64097497355020     
     6   -95.36144304876        2     0 1  0 1  0
  -95.3614430487559     
     7   -12.65402479355        2     0 0  1 0  1
  -12.6540247935478     
     8    27.78929799287        2     0 0  0 1  1
   27.7892979928686     
     9    12.34234624992        3     2 0  1 0  0
   12.3423462499154     
    10    48.30460339080        3     1 1  1 0  0
   48.3046033908029     
    11    1408.768476216        3     0 2  1 0  0
   1408.76847621559     
    12   -78.43133867657        3     0 0  3 0  0
  -78.4313386765670     
    13   -8.834565457055        3     2 0  0 1  0
  -8.83456545705482     
    14    2326.958516469        3     1 1  0 1  0
   2326.95851646880     
    15   -5399.372676245        3     0 2  0 1  0
  -5399.37267624516     
    16   -60.28514698966        3     0 0  2 1  0
  -60.2851469896559     
    17   -82.81584765057        3     1 0  1 0  1
  -82.8158476505710     
    18    3.824704957275        3     0 1  1 0  1
   3.82470495727536     
    19   -11160.41895986        3     0 0  1 2  0
  -11160.4189598602     
    20   -5.974609929303        3     1 0  0 1  1
  -5.97460992930326     
    21   -7785.460707894        3     0 1  0 1  1
  -7785.46070789381     
    22    207.4074742491        3     0 0  1 0  2
   207.407474249120     
    23    26405.42573525        3     0 0  0 3  0
   26405.4257352496     
    24   -1315.589956986        3     0 0  0 1  2
  -1315.58995698590     
    25   -2.824042062670        4     3 0  1 0  0
  -2.82404206267039     
    26   -217.7321263558        4     2 1  1 0  0
  -217.732126355786     
    27   -6329.877342206        4     1 2  1 0  0
  -6329.87734220615     
    28    104251.8579306        4     0 3  1 0  0
   104251.857930611     
    29   -82.11930199867        4     1 0  3 0  0
  -82.1193019986729     
    30    1557.868190869        4     0 1  3 0  0
   1557.86819086865     
    31   -301.8113031231        4     3 0  0 1  0
  -301.811303123128     
    32   -5811.820759123        4     2 1  0 1  0
  -5811.82075912332     
    33   -156352.3680805        4     1 2  0 1  0
  -156352.368080482     
    34   -1080253.262465        4     0 3  0 1  0
  -1080253.26246520     
    35    614.5402410519        4     1 0  2 1  0
   614.540241051892     
    36    3135.966487379        4     0 1  2 1  0
   3135.96648737947     
    37   -4033.716989212        4     2 0  1 0  1
  -4033.71698921175     
    38   -10810.20544342        4     1 1  1 0  1
  -10810.2054434194     
    39   -602858.3248311        4     0 2  1 0  1
  -602858.324831088     
    40    5788.023655943        4     0 0  3 0  1
   5788.02365594347     
    41    12665.11646517        4     1 0  1 2  0
   12665.1164651745     
    42    308279.9822941        4     0 1  1 2  0
   308279.982294130     
    43    8440.454445315        4     2 0  0 1  1
   8440.45444531459     
    44   -592175.9748865        4     1 1  0 1  1
  -592175.974886466     
    45    3560655.524390        4     0 2  0 1  1
   3560655.52438957     
    46   -13191.00973759        4     0 0  2 1  1
  -13191.0097375874     
    47    24112.73833254        4     1 0  1 0  2
   24112.7383325396     
    48    38592.65363270        4     0 1  1 0  2
   38592.6536326998     
    49   -126035.3163547        4     1 0  0 3  0
  -126035.316354744     
    50   -438995.7689319        4     0 1  0 3  0
  -438995.768931853     
    51    744338.2515807        4     0 0  1 2  1
   744338.251580661     
    52   -52805.48993819        4     1 0  0 1  2
  -52805.4899381857     
    53    1728223.711380        4     0 1  0 1  2
   1728223.71138012     
    54   -51521.46787295        4     0 0  1 0  3
  -51521.4678729544     
    55   -3836934.810108        4     0 0  0 3  1
  -3836934.81010805     
    56    145652.3144350        4     0 0  0 1  3
   145652.314435033     
    57    26382.03460922        5     4 0  1 0  0
   26382.0346092155     
    58    152116.9709736        5     3 1  1 0  0
   152116.970973607     
    59    13162276.76067        5     2 2  1 0  0
   13162276.7606712     
    60    31641807.62949        5     1 3  1 0  0
   31641807.6294943     
    61    848529803.9141        5     0 4  1 0  0
   848529803.914087     
    62   -158507.5353749        5     2 0  3 0  0
  -158507.535374924     
    63   -851287.5045652        5     1 1  3 0  0
  -851287.504565194     
    64   -14120375.41741        5     0 2  3 0  0
  -14120375.4174085     
    65    42432.08737614        5     0 0  5 0  0
   42432.0873761354     
    66   -18670.07147753        5     4 0  0 1  0
  -18670.0714775257     
    67    5187884.215631        5     3 1  0 1  0
   5187884.21563128     
    68   -9951935.339033        5     2 2  0 1  0
  -9951935.33903287     
    69    2076486001.436        5     1 3  0 1  0
   2076486001.43569     
    70   -5981449475.433        5     0 4  0 1  0
  -5981449475.43336     
    71    9947.651837788        5     2 0  2 1  0
   9947.65183778797     
    72   -46007759.99214        5     1 1  2 1  0
  -46007759.9921424     
    73   -103335150.5600        5     0 2  2 1  0
  -103335150.560028     
    74    107553.0566812        5     0 0  4 1  0
   107553.056681172     
    75   -315283.5548935        5     3 0  1 0  1
  -315283.554893516     
    76   -854824.8503730        5     2 1  1 0  1
  -854824.850373020     
    77   -75321495.21845        5     1 2  1 0  1
  -75321495.2184498     
    78   -39007263.20687        5     0 3  1 0  1
  -39007263.2068699     
    79    946861.9630450        5     1 0  3 0  1
   946861.963045017     
    80    1844233.437209        5     0 1  3 0  1
   1844233.43720928     
    81   -14316255.42134        5     2 0  1 2  0
  -14316255.4213386     
    82    2921792.123327        5     1 1  1 2  0
   2921792.12332749     
    83   -5235553400.948        5     0 2  1 2  0
  -5235553400.94812     
    84    12322084.70891        5     0 0  3 2  0
   12322084.7089059     
    85    274632.8444603        5     3 0  0 1  1
   274632.844460277     
    86   -44074634.19369        5     2 1  0 1  1
  -44074634.1936943     
    87    105412827.0769        5     1 2  0 1  1
   105412827.076944     
    88   -5838387827.761        5     0 3  0 1  1
  -5838387827.76080     
    89   -805959.0639169        5     1 0  2 1  1
  -805959.063916872     
    90    131699644.6993        5     0 1  2 1  1
   131699644.699301     
    91    3031684.141269        5     2 0  1 0  2
   3031684.14126858     
    92    5615311.166199        5     1 1  1 0  2
   5615311.16619872     
    93    323199284.7987        5     0 2  1 0  2
   323199284.798690     
    94   -3019353.847365        5     0 0  3 0  2
  -3019353.84736496     
    95    17655960.09482        5     2 0  0 3  0
   17655960.0948186     
    96   -2363585360.754        5     1 1  0 3  0
  -2363585360.75402     
    97    17700908245.64        5     0 2  0 3  0
   17700908245.6434     
    98   -9495648.508428        5     0 0  2 3  0
  -9495648.50842786     
    99    80600498.14934        5     1 0  1 2  1
   80600498.1493352     
   100   -148162974.0050        5     0 1  1 2  1
  -148162974.005015     
   101   -3508945.081681        5     2 0  0 1  2
  -3508945.08168078     
   102    389930514.9064        5     1 1  0 1  2
   389930514.906355     
   103   -1441025764.400        5     0 2  0 1  2
  -1441025764.39989     
   104    2486465.722153        5     0 0  2 1  2
   2486465.72215252     
   105   -12521509.86188        5     1 0  1 0  3
  -12521509.8618781     
   106   -10672334.12710        5     0 1  1 0  3
  -10672334.1270993     
   107    827222640.1643        5     0 0  1 4  0
   827222640.164272     
   108   -93767174.21102        5     1 0  0 3  1
  -93767174.2110241     
   109    6583206015.950        5     0 1  0 3  1
   6583206015.94983     
   110   -341155226.1106        5     0 0  1 2  2
  -341155226.110622     
   111    16446451.92303        5     1 0  0 1  3
   16446451.9230322     
   112   -900368954.3831        5     0 1  0 1  3
  -900368954.383063     
   113    19690843.83784        5     0 0  1 0  4
   19690843.8378394     
   114   -3130139421.012        5     0 0  0 5  0
  -3130139421.01164     
   115    869502496.0994        5     0 0  0 3  2
   869502496.099383     
   116   -33535623.93556        5     0 0  0 1  4
  -33535623.9355560     
                                      

 etall    1, NO =    5, NV =    5, INA =   22
 *********************************************

    I  COEFFICIENT          ORDER   EXPONENTS
     1  -0.8056893687562E-01    1     0 0  1 0  0
 -8.056893687562119E-002
     2   0.1064121983597        1     0 0  0 1  0
  0.106412198359682     
     3  -0.4390160552324E-01    2     1 0  1 0  0
 -4.390160552323900E-002
     4   -1.025288524209        2     0 1  1 0  0
  -1.02528852420871     
     5  -0.6597191649207        2     1 0  0 1  0
 -0.659719164920705     
     6   -11.10338450895        2     0 1  0 1  0
  -11.1033845089490     
     7  -0.2346507743964        2     0 0  1 0  1
 -0.234650774396419     
     8   -12.38226980245        2     0 0  0 1  1
  -12.3822698024464     
     9   0.1487963377030        3     2 0  1 0  0
  0.148796337703049     
    10    17.19450024405        3     1 1  1 0  0
   17.1945002440456     
    11    110.0943744864        3     0 2  1 0  0
   110.094374486362     
    12   -1.562915993088        3     0 0  3 0  0
  -1.56291599308840     
    13    3.737886305213        3     2 0  0 1  0
   3.73788630521264     
    14    33.35185183938        3     1 1  0 1  0
   33.3518518393771     
    15    5234.817919277        3     0 2  0 1  0
   5234.81791927749     
    16   -87.58102900693        3     0 0  2 1  0
  -87.5810290069280     
    17   0.4263241190666E-01    3     1 0  1 0  1
  4.263241190666334E-002
    18   -33.07207655145        3     0 1  1 0  1
  -33.0720765514516     
    19   -481.6080406396        3     0 0  1 2  0
  -481.608040639623     
    20   -10.48236079045        3     1 0  0 1  1
  -10.4823607904501     
    21   -231.3046127707        3     0 1  0 1  1
  -231.304612770746     
    22    8.918466157353        3     0 0  1 0  2
   8.91846615735342     
    23   -12185.90570818        3     0 0  0 3  0
  -12185.9057081752     
    24    93.00609970210        3     0 0  0 1  2
   93.0060997021029     
    25   -3.067415082615        4     3 0  1 0  0
  -3.06741508261469     
    26   -41.84775208974        4     2 1  1 0  0
  -41.8477520897367     
    27   -1477.436526154        4     1 2  1 0  0
  -1477.43652615366     
    28   -9726.661452638        4     0 3  1 0  0
  -9726.66145263786     
    29    5.134682356303        4     1 0  3 0  0
   5.13468235630269     
    30    130.6719588218        4     0 1  3 0  0
   130.671958821786     
    31   -9.918474625120        4     3 0  0 1  0
  -9.91847462512018     
    32    149.9561289871        4     2 1  0 1  0
   149.956128987107     
    33   -16696.10742757        4     1 2  0 1  0
  -16696.1074275693     
    34    113715.8676311        4     0 3  0 1  0
   113715.867631053     
    35    72.52791045615        4     1 0  2 1  0
   72.5279104561498     
    36    1901.683111758        4     0 1  2 1  0
   1901.68311175815     
    37   -30.27341516273        4     2 0  1 0  1
  -30.2734151627338     
    38   -4330.180256662        4     1 1  1 0  1
  -4330.18025666157     
    39   -31532.31045207        4     0 2  1 0  1
  -31532.3104520746     
    40    194.0264022639        4     0 0  3 0  1
   194.026402263877     
    41    1427.288421566        4     1 0  1 2  0
   1427.28842156595     
    42    42763.11703168        4     0 1  1 2  0
   42763.1170316788     
    43   -1555.621781363        4     2 0  0 1  1
  -1555.62178136287     
    44   -9600.380105345        4     1 1  0 1  1
  -9600.38010534515     
    45   -1685467.014815        4     0 2  0 1  1
  -1685467.01481457     
    46    6586.187115103        4     0 0  2 1  1
   6586.18711510322     
    47    167.1150675348        4     1 0  1 0  2
   167.115067534753     
    48    12685.46831484        4     0 1  1 0  2
   12685.4683148350     
    49    24855.05354390        4     1 0  0 3  0
   24855.0535439013     
    50    51687.83252264        4     0 1  0 3  0
   51687.8325226439     
    51    45317.25650367        4     0 0  1 2  1
   45317.2565036697     
    52    9123.536738309        4     1 0  0 1  2
   9123.53673830910     
    53    36863.47960626        4     0 1  0 1  2
   36863.4796062588     
    54   -578.8062160956        4     0 0  1 0  3
  -578.806216095629     
    55    850843.5117515        4     0 0  0 3  1
   850843.511751516     
    56   -29707.81419867        4     0 0  0 1  3
  -29707.8141986674     
    57    254.1999343514        5     4 0  1 0  0
   254.199934351422     
    58    37426.28872623        5     3 1  1 0  0
   37426.2887262330     
    59    387799.0628465        5     2 2  1 0  0
   387799.062846502     
    60    15493153.64482        5     1 3  1 0  0
   15493153.6448170     
    61    81638426.45283        5     0 4  1 0  0
   81638426.4528283     
    62   -2264.862939182        5     2 0  3 0  0
  -2264.86293918169     
    63   -123234.7834224        5     1 1  3 0  0
  -123234.783422377     
    64   -789007.4272475        5     0 2  3 0  0
  -789007.427247501     
    65    1121.549068316        5     0 0  5 0  0
   1121.54906831581     
    66    5747.548578755        5     4 0  0 1  0
   5747.54857875491     
    67    53050.20279522        5     3 1  0 1  0
   53050.2027952239     
    68    13474604.49143        5     2 2  0 1  0
   13474604.4914347     
    69    51955000.43557        5     1 3  0 1  0
   51955000.4355732     
    70    4567375800.458        5     0 4  0 1  0
   4567375800.45764     
    71   -101344.2520247        5     2 0  2 1  0
  -101344.252024682     
    72   -1567317.555917        5     1 1  2 1  0
  -1567317.55591673     
    73   -47282031.22238        5     0 2  2 1  0
  -47282031.2223777     
    74    52185.33523817        5     0 0  4 1  0
   52185.3352381703     
    75   -2237.400516337        5     3 0  1 0  1
  -2237.40051633709     
    76   -307360.5055238        5     2 1  1 0  1
  -307360.505523758     
    77   -1649422.351409        5     1 2  1 0  1
  -1649422.35140937     
    78   -39201504.81859        5     0 3  1 0  1
  -39201504.8185897     
    79    11350.21293940        5     1 0  3 0  1
   11350.2129393996     
    80    326965.6878014        5     0 1  3 0  1
   326965.687801409     
    81   -198355.6294520        5     2 0  1 2  0
  -198355.629451984     
    82   -48924715.86379        5     1 1  1 2  0
  -48924715.8637946     
    83   -452118140.8463        5     0 2  1 2  0
  -452118140.846252     
    84    589061.5362732        5     0 0  3 2  0
   589061.536273215     
    85   -62218.53993713        5     3 0  0 1  1
  -62218.5399371323     
    86   -283065.8992073        5     2 1  0 1  1
  -283065.899207349     
    87   -68640929.12208        5     1 2  0 1  1
  -68640929.1220796     
    88   -74080047.88035        5     0 3  0 1  1
  -74080047.8803488     
    89    554219.3291176        5     1 0  2 1  1
   554219.329117572     
    90    3297126.144405        5     0 1  2 1  1
   3297126.14440521     
    91    28457.20736809        5     2 0  1 0  2
   28457.2073680890     
    92    2750966.462277        5     1 1  1 0  2
   2750966.46227652     
    93    15385231.99815        5     0 2  1 0  2
   15385231.9981485     
    94   -53403.40358352        5     0 0  3 0  2
  -53403.4035835154     
    95   -5068386.113522        5     2 0  0 3  0
  -5068386.11352246     
    96   -14463647.75953        5     1 1  0 3  0
  -14463647.7595329     
    97   -10064684767.71        5     0 2  0 3  0
  -10064684767.7084     
    98    14976560.86179        5     0 0  2 3  0
   14976560.8617887     
    99    604443.7890261        5     1 0  1 2  1
   604443.789026058     
   100    126785681.1740        5     0 1  1 2  1
   126785681.174039     
   101    824805.4603115        5     2 0  0 1  2
   824805.460311524     
   102    3689641.969155        5     1 1  0 1  2
   3689641.96915470     
   103    776640666.2763        5     0 2  0 1  2
   776640666.276333     
   104   -2587331.753814        5     0 0  2 1  2
  -2587331.75381429     
   105   -127521.0678354        5     1 0  1 0  3
  -127521.067835421     
   106   -6320265.070767        5     0 1  1 0  3
  -6320265.07076656     
   107    63891813.98312        5     0 0  1 4  0
   63891813.9831158     
   108    24349585.71249        5     1 0  0 3  1
   24349585.7124948     
   109   -23463478.21592        5     0 1  0 3  1
  -23463478.2159189     
   110   -11060341.52087        5     0 0  1 2  2
  -11060341.5208740     
   111   -3777847.514776        5     1 0  0 1  3
  -3777847.51477621     
   112   -7952280.292330        5     0 1  0 1  3
  -7952280.29233001     
   113    249177.8608760        5     0 0  1 0  4
   249177.860875993     
   114    994872085.5719        5     0 0  0 5  0
   994872085.571927     
   115   -282103881.5055        5     0 0  0 3  2
  -282103881.505474     
   116    8357837.410611        5     0 0  0 1  4
   8357837.41061058     
                                      

 etall    1, NO =    5, NV =    5, INA =   23
 *********************************************

    I  COEFFICIENT          ORDER   EXPONENTS
     1    1.000000000000        1     0 0  0 0  1
   1.00000000000000     
                                      

 etall    1, NO =    5, NV =    5, INA =   31
 *********************************************

    I  COEFFICIENT          ORDER   EXPONENTS
     1  -0.1402211680102E-12    0     0 0  0 0  0
 -1.402211680101573E-013
     2   0.1490644113495        1     1 0  0 0  0
  0.149064411349544     
     3    3.481285672885        1     0 1  0 0  0
   3.48128567288461     
     4    16.23325040842        1     0 0  0 0  1
   16.2332504084228     
     5  -0.8542743394442E-01    2     2 0  0 0  0
 -8.542743394442082E-002
     6  -0.3696464265984        2     1 1  0 0  0
 -0.369646426598358     
     7   -25.13792435623        2     0 2  0 0  0
  -25.1379243562266     
     8  -0.5190876337274        2     0 0  2 0  0
 -0.519087633727401     
     9   -1.541242403332        2     0 0  1 1  0
  -1.54124240333153     
    10   0.5576508489274        2     1 0  0 0  1
  0.557650848927414     
    11    12.66575580849        2     0 1  0 0  1
   12.6657558084882     
    12   -79.80627962801        2     0 0  0 2  0
  -79.8062796280058     
    13    5.793395464604        2     0 0  0 0  2
   5.79339546460427     
    14   0.8437276968996        3     3 0  0 0  0
  0.843727696899622     
    15   -128.1672391347        3     2 1  0 0  0
  -128.167239134713     
    16    73.80893736489        3     1 2  0 0  0
   73.8089373648897     
    17   -54582.43971843        3     0 3  0 0  0
  -54582.4397184332     
    18  -0.7138255517737        3     1 0  2 0  0
 -0.713825551773699     
    19   -14.82785847415        3     0 1  2 0  0
  -14.8278584741498     
    20   -26.17286122613        3     1 0  1 1  0
  -26.1728612261283     
    21   -136.5108022735        3     0 1  1 1  0
  -136.510802273527     
    22    67.71617161513        3     2 0  0 0  1
   67.7161716151321     
    23    953.3267560019        3     1 1  0 0  1
   953.326756001908     
    24    30146.47558079        3     0 2  0 0  1
   30146.4755807881     
    25    8.687366733431        3     0 0  2 0  1
   8.68736673343110     
    26    109.8049292749        3     1 0  0 2  0
   109.804929274913     
    27   -9220.187719614        3     0 1  0 2  0
  -9220.18771961385     
    28    106.6009773996        3     0 0  1 1  1
   106.600977399618     
    29   -405.5054141598        3     1 0  0 0  2
  -405.505414159800     
    30   -6112.257497352        3     0 1  0 0  2
  -6112.25749735172     
    31    1172.045065996        3     0 0  0 2  1
   1172.04506599620     
    32    991.3880758101        3     0 0  0 0  3
   991.388075810136     
    33   -10.32452576077        4     4 0  0 0  0
  -10.3245257607690     
    34   -35.99635156831        4     3 1  0 0  0
  -35.9963515683142     
    35   -9051.252160411        4     2 2  0 0  0
  -9051.25216041146     
    36   -3501.318390777        4     1 3  0 0  0
  -3501.31839077655     
    37   -1891214.295287        4     0 4  0 0  0
  -1891214.29528668     
    38   -166.5472073566        4     2 0  2 0  0
  -166.547207356586     
    39   -1143.601940128        4     1 1  2 0  0
  -1143.60194012802     
    40   -28287.53855518        4     0 2  2 0  0
  -28287.5385551823     
    41    120.2595220626        4     0 0  4 0  0
   120.259522062555     
    42   -70.96541408350        4     2 0  1 1  0
  -70.9654140834995     
    43   -51866.12471236        4     1 1  1 1  0
  -51866.1247123560     
    44   -183056.6971739        4     0 2  1 1  0
  -183056.697173925     
    45    713.1280387278        4     0 0  3 1  0
   713.128038727767     
    46    157.6600680855        4     3 0  0 0  1
   157.660068085480     
    47    3110.485555982        4     2 1  0 0  1
   3110.48555598187     
    48    66087.89196780        4     1 2  0 0  1
   66087.8919677991     
    49    1189448.669130        4     0 3  0 0  1
   1189448.66912995     
    50    1089.585351942        4     1 0  2 0  1
   1089.58535194197     
    51    11043.16105646        4     0 1  2 0  1
   11043.1610564617     
    52   -9949.946176337        4     2 0  0 2  0
  -9949.94617633733     
    53   -12904.92547568        4     1 1  0 2  0
  -12904.9254756829     
    54   -10277147.76500        4     0 2  0 2  0
  -10277147.7650019     
    55    38426.35939909        4     0 0  2 2  0
   38426.3593990859     
    56    7532.084012840        4     1 0  1 1  1
   7532.08401284004     
    57    190112.5623425        4     0 1  1 1  1
   190112.562342450     
    58   -1457.707116017        4     2 0  0 0  2
  -1457.70711601749     
    59   -17737.56089143        4     1 1  0 0  2
  -17737.5608914286     
    60   -428391.2445079        4     0 2  0 0  2
  -428391.244507855     
    61   -3812.126170885        4     0 0  2 0  2
  -3812.12617088478     
    62    104725.2895005        4     0 0  1 3  0
   104725.289500478     
    63    52933.75888291        4     1 0  0 2  1
   52933.7588829072     
    64    3070257.631156        4     0 1  0 2  1
   3070257.63115564     
    65   -25937.85633152        4     0 0  1 1  2
  -25937.8563315235     
    66    6476.790587682        4     1 0  0 0  3
   6476.79058768193     
    67    57961.83161661        4     0 1  0 0  3
   57961.8316166079     
    68    2936462.098979        4     0 0  0 4  0
   2936462.09897891     
    69   -379059.5948106        4     0 0  0 2  2
  -379059.594810637     
    70   -11377.10360614        4     0 0  0 0  4
  -11377.1036061438     
    71   -191.0459114685        5     5 0  0 0  0
  -191.045911468474     
    72    2209.900109874        5     4 1  0 0  0
   2209.90010987420     
    73   -147066.3068937        5     3 2  0 0  0
  -147066.306893682     
    74    2295300.434229        5     2 3  0 0  0
   2295300.43422877     
    75   -24849616.91108        5     1 4  0 0  0
  -24849616.9110841     
    76    512955682.4761        5     0 5  0 0  0
   512955682.476135     
    77    264.4015452184        5     3 0  2 0  0
   264.401545218410     
    78   -134269.0481742        5     2 1  2 0  0
  -134269.048174224     
    79   -930866.9917279        5     1 2  2 0  0
  -930866.991727937     
    80   -23393530.15850        5     0 3  2 0  0
  -23393530.1585040     
    81    547.3596781766        5     1 0  4 0  0
   547.359678176628     
    82    74110.37484793        5     0 1  4 0  0
   74110.3748479292     
    83   -58083.97717903        5     3 0  1 1  0
  -58083.9771790267     
    84   -51207.43573892        5     2 1  1 1  0
  -51207.4357389183     
    85   -70789510.02282        5     1 2  1 1  0
  -70789510.0228207     
    86   -391853912.6324        5     0 3  1 1  0
  -391853912.632369     
    87    171159.4944502        5     1 0  3 1  0
   171159.494450172     
    88    1323804.427191        5     0 1  3 1  0
   1323804.42719103     
    89   -705.7239005717        5     4 0  0 0  1
  -705.723900571734     
    90   -49085.50987023        5     3 1  0 0  1
  -49085.5098702324     
    91   -1520229.057784        5     2 2  0 0  1
  -1520229.05778380     
    92   -22286277.97709        5     1 3  0 0  1
  -22286277.9770876     
    93   -478016560.0939        5     0 4  0 0  1
  -478016560.093945     
    94    130305.8787977        5     2 0  2 0  1
   130305.878797713     
    95    1753792.337144        5     1 1  2 0  1
   1753792.33714443     
    96    23205750.92277        5     0 2  2 0  1
   23205750.9227709     
    97   -70040.93517710        5     0 0  4 0  1
  -70040.9351770991     
    98    99794.84916245        5     3 0  0 2  0
   99794.8491624479     
    99   -23331091.34154        5     2 1  0 2  0
  -23331091.3415384     
   100    68710443.07376        5     1 2  0 2  0
   68710443.0737625     
   101   -15860377700.74        5     0 3  0 2  0
  -15860377700.7375     
   102    159611.8107436        5     1 0  2 2  0
   159611.810743580     
   103    71661915.66954        5     0 1  2 2  0
   71661915.6695449     
   104    553168.3623248        5     2 0  1 1  1
   553168.362324780     
   105    42922425.82154        5     1 1  1 1  1
   42922425.8215425     
   106    448752686.5400        5     0 2  1 1  1
   448752686.540035     
   107   -904417.5278508        5     0 0  3 1  1
  -904417.527850771     
   108    10599.72884852        5     3 0  0 0  2
   10599.7288485177     
   109    616870.5632093        5     2 1  0 0  2
   616870.563209285     
   110    8364595.210797        5     1 2  0 0  2
   8364595.21079703     
   111    186695620.0152        5     0 3  0 0  2
   186695620.015178     
   112   -804534.6432936        5     1 0  2 0  2
  -804534.643293552     
   113   -6703366.347353        5     0 1  2 0  2
  -6703366.34735295     
   114    26839335.28645        5     1 0  1 3  0
   26839335.2864498     
   115    326095853.6694        5     0 1  1 3  0
   326095853.669367     
   116    6182036.944030        5     2 0  0 2  1
   6182036.94403018     
   117    122589852.4729        5     1 1  0 2  1
   122589852.472855     
   118    8016495796.256        5     0 2  0 2  1
   8016495796.25602     
   119   -21403787.11467        5     0 0  2 2  1
  -21403787.1146657     
   120   -4734249.538128        5     1 0  1 1  2
  -4734249.53812772     
   121   -153137773.1915        5     0 1  1 1  2
  -153137773.191509     
   122   -89470.22854352        5     2 0  0 0  3
  -89470.2285435185     
   123   -2956941.097374        5     1 1  0 0  3
  -2956941.09737442     
   124   -37694742.52040        5     0 2  0 0  3
  -37694742.5204015     
   125    1752211.024466        5     0 0  2 0  3
   1752211.02446565     
   126   -42035025.87019        5     1 0  0 4  0
  -42035025.8701923     
   127    8965023069.139        5     0 1  0 4  0
   8965023069.13872     
   128   -135365359.7736        5     0 0  1 3  1
  -135365359.773571     
   129   -34889557.06761        5     1 0  0 2  2
  -34889557.0676093     
   130   -1375927002.877        5     0 1  0 2  2
  -1375927002.87719     
   131    12269248.14323        5     0 0  1 1  3
   12269248.1432256     
   132    198770.5109023        5     1 0  0 0  4
   198770.510902275     
   133    5885727.551373        5     0 1  0 0  4
   5885727.55137266     
   134   -1441492121.188        5     0 0  0 4  1
  -1441492121.18844     
   135    125188763.1557        5     0 0  0 2  3
   125188763.155715     
   136   -97382.53020036        5     0 0  0 0  5
  -97382.5302003587     
                                      
